#YY  MM DD hh mm WDIR WSPD GST  WVHT   DPD   APD MWD   PRES  ATMP  WTMP  DEWP  VIS  TIDE
#yr  mo dy hr mn degT m/s  m/s     m   sec   sec deg    hPa  degC  degC  degC  nmi    ft
2010 07 26 02 20 999  3.3 99.0 99.00 99.00 99.00 999 9999.0 999.0 999.0 999.0 99.0 99.00
2010 07 26 03 17 999  2.5 99.0 99.00 99.00 99.00 999 9999.0 999.0 999.0 999.0 99.0 99.00
2010 07 26 04 20 999  1.9 99.0 99.00 99.00 99.00 999 9999.0 999.0 999.0 999.0 99.0 99.00
2010 07 26 05 20 999  2.0 99.0 99.00 99.00 99.00 999 9999.0 999.0 999.0 999.0 99.0 99.00
2010 07 26 06 20 999  2.3 99.0 99.00 99.00 99.00 999 9999.0 999.0 999.0 999.0 99.0 99.00
2010 07 26 07 20 999  1.0 99.0 99.00 99.00 99.00 999 9999.0 999.0 999.0 999.0 99.0 99.00
2010 07 26 08 20 999  0.5 99.0 99.00 99.00 99.00 999 9999.0 999.0 999.0 999.0 99.0 99.00
2010 07 26 09 20 999  1.2 99.0 99.00 99.00 99.00 999 9999.0 999.0 999.0 999.0 99.0 99.00
2010 07 26 10 20 999  2.1 99.0 99.00 99.00 99.00 999 9999.0 999.0 999.0 999.0 99.0 99.00
2010 07 26 11 20 999  2.0 99.0 99.00 99.00 99.00 999 9999.0 999.0 999.0 999.0 99.0 99.00
2010 07 26 12 20 999  1.6 99.0 99.00 99.00 99.00 999 9999.0 999.0 999.0 999.0 99.0 99.00
2010 07 26 13 20 999  1.8 99.0 99.00 99.00 99.00 999 9999.0 999.0 999.0 999.0 99.0 99.00
2010 07 26 14 20 999  2.2 99.0 99.00 99.00 99.00 999 9999.0 999.0 999.0 999.0 99.0 99.00
2010 07 26 15 20 999  1.3 99.0 99.00 99.00 99.00 999 9999.0 999.0 999.0 999.0 99.0 99.00
2010 07 26 16 20 999  2.8 99.0 99.00 99.00 99.00 999 9999.0 999.0 999.0 999.0 99.0 99.00
2010 07 26 17 20 999  2.0 99.0 99.00 99.00 99.00 999 9999.0 999.0 999.0 999.0 99.0 99.00
2010 07 26 18 20 999  2.2 99.0 99.00 99.00 99.00 999 9999.0 999.0 999.0 999.0 99.0 99.00
2010 07 26 19 20 999  2.7 99.0 99.00 99.00 99.00 999 9999.0 999.0 999.0 999.0 99.0 99.00
2010 07 26 20 20 999  3.8 99.0 99.00 99.00 99.00 999 9999.0 999.0 999.0 999.0 99.0 99.00
2010 07 26 21 20 291  3.4  4.9 99.00 99.00 99.00 999 9999.0 999.0 999.0 999.0 99.0 99.00
2010 07 26 22 20 278  4.0  5.1 99.00 99.00 99.00 999 9999.0 999.0 999.0 999.0 99.0 99.00
2010 07 26 23 20 279  3.6  5.0 99.00 99.00 99.00 999 9999.0 999.0 999.0 999.0 99.0 99.00
2010 07 27 00 20 269  3.8  5.4 99.00 99.00 99.00 999 9999.0 999.0 999.0 999.0 99.0 99.00
2010 07 27 01 20 287  3.2  4.8 99.00 99.00 99.00 999 9999.0 999.0 999.0 999.0 99.0 99.00
2010 07 27 02 20 314  3.3  4.8 99.00 99.00 99.00 999 9999.0 999.0 999.0 999.0 99.0 99.00
2010 07 27 03 20 316  2.8  4.2 99.00 99.00 99.00 999 9999.0 999.0 999.0 999.0 99.0 99.00
2010 07 27 04 20 335  2.3  3.7 99.00 99.00 99.00 999 9999.0 999.0 999.0 999.0 99.0 99.00
2010 07 27 05 20 301  2.2  4.3 99.00 99.00 99.00 999 9999.0 999.0 999.0 999.0 99.0 99.00
2010 07 27 06 20 336  0.3  1.3 99.00 99.00 99.00 999 9999.0 999.0 999.0 999.0 99.0 99.00
2010 07 27 07 20   6  0.8  2.1 99.00 99.00 99.00 999 9999.0 999.0 999.0 999.0 99.0 99.00
2010 07 27 08 20 293  0.9  2.1 99.00 99.00 99.00 999 9999.0 999.0 999.0 999.0 99.0 99.00
2010 07 27 09 20 349  1.7  3.9 99.00 99.00 99.00 999 9999.0 999.0 999.0 999.0 99.0 99.00
2010 07 27 10 20  12  1.6  3.0 99.00 99.00 99.00 999 9999.0 999.0 999.0 999.0 99.0 99.00
2010 07 27 11 20   2  1.2  2.7 99.00 99.00 99.00 999 9999.0 999.0 999.0 999.0 99.0 99.00
2010 07 27 12 20 295  3.2  5.1 99.00 99.00 99.00 999 9999.0 999.0 999.0 999.0 99.0 99.00
2010 07 27 13 20 347  1.6  2.9 99.00 99.00 99.00 999 9999.0 999.0 999.0 999.0 99.0 99.00
2010 07 27 14 20   5  2.5  3.9 99.00 99.00 99.00 999 9999.0 999.0 999.0 999.0 99.0 99.00
2010 07 27 15 20 353  1.5  2.7 99.00 99.00 99.00 999 9999.0 999.0 999.0 999.0 99.0 99.00
2010 07 27 16 20 316  3.8  4.9 99.00 99.00 99.00 999 9999.0 999.0 999.0 999.0 99.0 99.00
2010 07 27 17 20 291  2.8  4.5 99.00 99.00 99.00 999 9999.0 999.0 999.0 999.0 99.0 99.00
2010 07 27 18 20 302  2.7  3.7 99.00 99.00 99.00 999 9999.0 999.0 999.0 999.0 99.0 99.00
2010 07 27 19 20 314  2.9  4.3 99.00 99.00 99.00 999 9999.0 999.0 999.0 999.0 99.0 99.00
2010 07 27 20 20 303  3.1  4.2 99.00 99.00 99.00 999 9999.0 999.0 999.0 999.0 99.0 99.00
2010 07 27 21 20 297  3.9  5.6 99.00 99.00 99.00 999 9999.0 999.0 999.0 999.0 99.0 99.00
2010 07 27 22 20 298  5.2  6.6 99.00 99.00 99.00 999 9999.0 999.0 999.0 999.0 99.0 99.00
2010 07 27 23 20 298  5.3  7.0 99.00 99.00 99.00 999 9999.0 999.0 999.0 999.0 99.0 99.00
2010 07 28 00 20 298  3.7  5.9 99.00 99.00 99.00 999 9999.0 999.0 999.0 999.0 99.0 99.00
2010 07 28 01 20 307  2.8  4.2 99.00 99.00 99.00 999 9999.0 999.0 999.0 999.0 99.0 99.00
2010 07 28 02 20 310  3.3  4.7 99.00 99.00 99.00 999 9999.0 999.0 999.0 999.0 99.0 99.00
2010 07 28 03 20 302  3.0  4.4 99.00 99.00 99.00 999 9999.0 999.0 999.0 999.0 99.0 99.00
2010 07 28 04 20 290  2.3  4.0 99.00 99.00 99.00 999 9999.0 999.0 999.0 999.0 99.0 99.00
2010 07 28 05 20 296  1.6  2.9 99.00 99.00 99.00 999 9999.0 999.0 999.0 999.0 99.0 99.00
2010 07 28 06 20 343  1.2  2.3 99.00 99.00 99.00 999 9999.0 999.0 999.0 999.0 99.0 99.00
2010 07 28 07 20  43  0.6  2.0 99.00 99.00 99.00 999 9999.0 999.0 999.0 999.0 99.0 99.00
2010 07 28 08 20  34  1.7  2.7 99.00 99.00 99.00 999 9999.0 999.0 999.0 999.0 99.0 99.00
2010 07 28 09 20  41  1.9  2.9 99.00 99.00 99.00 999 9999.0 999.0 999.0 999.0 99.0 99.00
2010 07 28 10 20  50  0.9  2.3 99.00 99.00 99.00 999 9999.0 999.0 999.0 999.0 99.0 99.00
2010 07 28 11 20  35  2.2  2.9 99.00 99.00 99.00 999 9999.0 999.0 999.0 999.0 99.0 99.00
2010 07 28 12 20  14  2.9  3.9 99.00 99.00 99.00 999 9999.0 999.0 999.0 999.0 99.0 99.00
2010 07 28 13 20 336  3.0  4.9 99.00 99.00 99.00 999 9999.0 999.0 999.0 999.0 99.0 99.00
2010 07 28 14 20 338  3.0  4.3 99.00 99.00 99.00 999 9999.0 999.0 999.0 999.0 99.0 99.00
2010 07 28 15 20 323  3.7  4.7 99.00 99.00 99.00 999 9999.0 999.0 999.0 999.0 99.0 99.00
2010 07 28 16 20 347  4.2  5.2 99.00 99.00 99.00 999 9999.0 999.0 999.0 999.0 99.0 99.00
2010 07 28 17 20 353  4.8  5.7 99.00 99.00 99.00 999 9999.0 999.0 999.0 999.0 99.0 99.00
2010 07 28 18 20 345  3.8  4.8 99.00 99.00 99.00 999 9999.0 999.0 999.0 999.0 99.0 99.00
2010 07 28 19 20 324  2.9  5.6 99.00 99.00 99.00 999 9999.0 999.0 999.0 999.0 99.0 99.00
2010 07 28 20 20 299  3.9  5.0 99.00 99.00 99.00 999 9999.0 999.0 999.0 999.0 99.0 99.00
2010 07 28 21 20 294  4.5  5.9 99.00 99.00 99.00 999 9999.0 999.0 999.0 999.0 99.0 99.00
2010 07 28 22 20 294  3.7  5.5 99.00 99.00 99.00 999 9999.0 999.0 999.0 999.0 99.0 99.00
2010 07 28 23 20 297  5.0  6.6 99.00 99.00 99.00 999 9999.0 999.0 999.0 999.0 99.0 99.00
2010 07 29 00 20 308  4.2  5.6 99.00 99.00 99.00 999 9999.0 999.0 999.0 999.0 99.0 99.00
2010 07 29 01 20 306  4.1  6.0 99.00 99.00 99.00 999 9999.0 999.0 999.0 999.0 99.0 99.00
2010 07 29 02 20 329  3.7  5.6 99.00 99.00 99.00 999 9999.0 999.0 999.0 999.0 99.0 99.00
2010 07 29 03 20 321  3.9  5.4 99.00 99.00 99.00 999 9999.0 999.0 999.0 999.0 99.0 99.00
2010 07 29 04 20 340  3.4  5.0 99.00 99.00 99.00 999 9999.0 999.0 999.0 999.0 99.0 99.00
2010 07 29 05 20 344  3.8  4.8 99.00 99.00 99.00 999 9999.0 999.0 999.0 999.0 99.0 99.00
2010 07 29 06 20 356  3.6  4.5 99.00 99.00 99.00 999 9999.0 999.0 999.0 999.0 99.0 99.00
2010 07 29 08 20 350  3.5  4.5 99.00 99.00 99.00 999 9999.0 999.0 999.0 999.0 99.0 99.00
2010 07 29 09 20 354  3.1  4.4 99.00 99.00 99.00 999 9999.0 999.0 999.0 999.0 99.0 99.00
2010 07 29 10 20   1  2.6  4.3 99.00 99.00 99.00 999 9999.0 999.0 999.0 999.0 99.0 99.00
2010 07 29 11 20 346  2.8  4.3 99.00 99.00 99.00 999 9999.0 999.0 999.0 999.0 99.0 99.00
2010 07 29 12 20   4  2.0  2.7 99.00 99.00 99.00 999 9999.0 999.0 999.0 999.0 99.0 99.00
2010 07 29 13 20  24  1.8  2.7 99.00 99.00 99.00 999 9999.0 999.0 999.0 999.0 99.0 99.00
2010 07 29 14 20 348  1.9  2.8 99.00 99.00 99.00 999 9999.0 999.0 999.0 999.0 99.0 99.00
2010 07 29 15 20 284  2.0  3.2 99.00 99.00 99.00 999 9999.0 999.0 999.0 999.0 99.0 99.00
2010 07 29 16 20 318  1.8  3.1 99.00 99.00 99.00 999 9999.0 999.0 999.0 999.0 99.0 99.00
2010 07 29 17 20 352  2.0  3.1 99.00 99.00 99.00 999 9999.0 999.0 999.0 999.0 99.0 99.00
2010 07 29 18 20 323  1.2  2.5 99.00 99.00 99.00 999 9999.0 999.0 999.0 999.0 99.0 99.00
2010 07 29 19 20 311  3.3  4.4 99.00 99.00 99.00 999 9999.0 999.0 999.0 999.0 99.0 99.00
2010 07 29 20 20 296  3.9  5.6 99.00 99.00 99.00 999 9999.0 999.0 999.0 999.0 99.0 99.00
2010 07 29 21 20 294  3.9  5.3 99.00 99.00 99.00 999 9999.0 999.0 999.0 999.0 99.0 99.00
2010 07 29 22 20 295  4.1  5.5 99.00 99.00 99.00 999 9999.0 999.0 999.0 999.0 99.0 99.00
2010 07 29 23 20 296  3.6  4.8 99.00 99.00 99.00 999 9999.0 999.0 999.0 999.0 99.0 99.00
2010 07 30 00 20 304  3.4  4.5 99.00 99.00 99.00 999 9999.0 999.0 999.0 999.0 99.0 99.00
2010 07 30 01 20 303  3.2  4.6 99.00 99.00 99.00 999 9999.0 999.0 999.0 999.0 99.0 99.00
2010 07 30 02 20 303  2.7  4.1 99.00 99.00 99.00 999 9999.0 999.0 999.0 999.0 99.0 99.00
2010 07 30 03 20 309  3.0  4.0 99.00 99.00 99.00 999 9999.0 999.0 999.0 999.0 99.0 99.00
2010 07 30 04 20 314  2.7  4.6 99.00 99.00 99.00 999 9999.0 999.0 999.0 999.0 99.0 99.00
2010 07 30 05 20 320  2.5  4.1 99.00 99.00 99.00 999 9999.0 999.0 999.0 999.0 99.0 99.00
2010 07 30 06 20 303  2.1  2.9 99.00 99.00 99.00 999 9999.0 999.0 999.0 999.0 99.0 99.00
2010 07 30 07 20 273  1.7  2.8 99.00 99.00 99.00 999 9999.0 999.0 999.0 999.0 99.0 99.00
2010 07 30 08 20 230  1.5  2.3 99.00 99.00 99.00 999 9999.0 999.0 999.0 999.0 99.0 99.00
2010 07 30 09 20 265  0.9  2.6 99.00 99.00 99.00 999 9999.0 999.0 999.0 999.0 99.0 99.00
2010 07 30 10 20 179  0.3  1.4 99.00 99.00 99.00 999 9999.0 999.0 999.0 999.0 99.0 99.00
2010 07 30 11 20 227  0.7  1.9 99.00 99.00 99.00 999 9999.0 999.0 999.0 999.0 99.0 99.00
2010 07 30 12 20  24  0.9  2.2 99.00 99.00 99.00 999 9999.0 999.0 999.0 999.0 99.0 99.00
2010 07 30 13 20 349  1.4  2.5 99.00 99.00 99.00 999 9999.0 999.0 999.0 999.0 99.0 99.00
2010 07 30 14 20  10  0.5  2.1 99.00 99.00 99.00 999 9999.0 999.0 999.0 999.0 99.0 99.00
2010 07 30 15 20 318  0.6  1.8 99.00 99.00 99.00 999 9999.0 999.0 999.0 999.0 99.0 99.00
2010 07 30 16 20 257  1.3  2.2 99.00 99.00 99.00 999 9999.0 999.0 999.0 999.0 99.0 99.00
2010 07 30 17 20 262  2.3  3.3 99.00 99.00 99.00 999 9999.0 999.0 999.0 999.0 99.0 99.00
2010 07 30 18 20 287  0.6  1.5 99.00 99.00 99.00 999 9999.0 999.0 999.0 999.0 99.0 99.00
2010 07 30 19 20 251  2.2  4.0 99.00 99.00 99.00 999 9999.0 999.0 999.0 999.0 99.0 99.00
2010 07 30 20 20 257  3.1  4.8 99.00 99.00 99.00 999 9999.0 999.0 999.0 999.0 99.0 99.00
2010 07 30 21 20 258  4.1  5.0 99.00 99.00 99.00 999 9999.0 999.0 999.0 999.0 99.0 99.00
2010 07 30 22 20 260  4.2  5.3 99.00 99.00 99.00 999 9999.0 999.0 999.0 999.0 99.0 99.00
2010 07 30 23 20 259  3.8  4.8 99.00 99.00 99.00 999 9999.0 999.0 999.0 999.0 99.0 99.00
2010 07 31 00 20 254  2.8  3.7 99.00 99.00 99.00 999 9999.0 999.0 999.0 999.0 99.0 99.00
2010 07 31 01 20 278  1.7  3.2 99.00 99.00 99.00 999 9999.0 999.0 999.0 999.0 99.0 99.00
2010 07 31 02 20 296  1.5  3.0 99.00 99.00 99.00 999 9999.0 999.0 999.0 999.0 99.0 99.00
2010 07 31 03 20 303  0.9  2.3 99.00 99.00 99.00 999 9999.0 999.0 999.0 999.0 99.0 99.00
2010 07 31 04 20 251  0.6  1.6 99.00 99.00 99.00 999 9999.0 999.0 999.0 999.0 99.0 99.00
2010 07 31 05 20 234  1.2  2.3 99.00 99.00 99.00 999 9999.0 999.0 999.0 999.0 99.0 99.00
2010 07 31 06 20 236  2.1  3.2 99.00 99.00 99.00 999 9999.0 999.0 999.0 999.0 99.0 99.00
2010 07 31 07 20 215  2.0  3.2 99.00 99.00 99.00 999 9999.0 999.0 999.0 999.0 99.0 99.00
2010 07 31 08 20 200  2.3  3.4 99.00 99.00 99.00 999 9999.0 999.0 999.0 999.0 99.0 99.00
2010 07 31 09 20 213  2.5  3.5 99.00 99.00 99.00 999 9999.0 999.0 999.0 999.0 99.0 99.00
2010 07 31 10 20 230  2.4  3.4 99.00 99.00 99.00 999 9999.0 999.0 999.0 999.0 99.0 99.00
2010 07 31 11 20 224  1.3  2.4 99.00 99.00 99.00 999 9999.0 999.0 999.0 999.0 99.0 99.00
2010 07 31 12 20 197  1.9  2.7 99.00 99.00 99.00 999 9999.0 999.0 999.0 999.0 99.0 99.00
2010 07 31 13 20 141  0.7  2.4 99.00 99.00 99.00 999 9999.0 999.0 999.0 999.0 99.0 99.00
2010 07 31 14 20 233  0.9  2.6 99.00 99.00 99.00 999 9999.0 999.0 999.0 999.0 99.0 99.00
2010 07 31 15 20 241  1.1  2.2 99.00 99.00 99.00 999 9999.0 999.0 999.0 999.0 99.0 99.00
2010 07 31 16 20 263  1.5  2.4 99.00 99.00 99.00 999 9999.0 999.0 999.0 999.0 99.0 99.00
2010 07 31 17 20 291  1.5  2.4 99.00 99.00 99.00 999 9999.0 999.0 999.0 999.0 99.0 99.00
2010 07 31 18 20 255  2.0  2.9 99.00 99.00 99.00 999 9999.0 999.0 999.0 999.0 99.0 99.00
2010 07 31 19 20 233  3.1  3.6 99.00 99.00 99.00 999 9999.0 999.0 999.0 999.0 99.0 99.00
2010 07 31 20 20 241  3.3  3.9 99.00 99.00 99.00 999 9999.0 999.0 999.0 999.0 99.0 99.00
2010 07 31 21 20 251  3.2  4.0 99.00 99.00 99.00 999 9999.0 999.0 999.0 999.0 99.0 99.00
2010 07 31 22 20 256  2.7  3.6 99.00 99.00 99.00 999 9999.0 999.0 999.0 999.0 99.0 99.00
2010 07 31 23 20 260  2.7  3.6 99.00 99.00 99.00 999 9999.0 999.0 999.0 999.0 99.0 99.00
2010 08 01 00 20 255  3.0  4.0 99.00 99.00 99.00 999 9999.0 999.0 999.0 999.0 99.0 99.00
2010 08 01 01 20 250  2.7  3.7 99.00 99.00 99.00 999 9999.0 999.0 999.0 999.0 99.0 99.00
2010 08 01 02 20 261  1.9  2.9 99.00 99.00 99.00 999 9999.0 999.0 999.0 999.0 99.0 99.00
2010 08 01 03 20 232  2.2  3.1 99.00 99.00 99.00 999 9999.0 999.0 999.0 999.0 99.0 99.00
2010 08 01 04 20 232  1.5  2.1 99.00 99.00 99.00 999 9999.0 999.0 999.0 999.0 99.0 99.00
2010 08 01 05 20 220  1.1  2.0 99.00 99.00 99.00 999 9999.0 999.0 999.0 999.0 99.0 99.00
2010 08 01 06 20 160  0.7  1.3 99.00 99.00 99.00 999 9999.0 999.0 999.0 999.0 99.0 99.00
2010 08 01 07 20 154  0.6  1.4 99.00 99.00 99.00 999 9999.0 999.0 999.0 999.0 99.0 99.00
2010 08 01 08 20 165  0.7  1.3 99.00 99.00 99.00 999 9999.0 999.0 999.0 999.0 99.0 99.00
2010 08 01 09 20 152  0.2  0.6 99.00 99.00 99.00 999 9999.0 999.0 999.0 999.0 99.0 99.00
2010 08 01 10 16 149  0.4  0.9 99.00 99.00 99.00 999 9999.0 999.0 999.0 999.0 99.0 99.00
2010 08 01 11 20 131  0.2  0.6 99.00 99.00 99.00 999 9999.0 999.0 999.0 999.0 99.0 99.00
2010 08 01 12 20 118  0.1  0.6 99.00 99.00 99.00 999 9999.0 999.0 999.0 999.0 99.0 99.00
2010 08 01 13 20 206  0.1  0.8 99.00 99.00 99.00 999 9999.0 999.0 999.0 999.0 99.0 99.00
2010 08 01 14 20  29  0.6  1.5 99.00 99.00 99.00 999 9999.0 999.0 999.0 999.0 99.0 99.00
2010 08 01 15 20  20  1.4  2.6 99.00 99.00 99.00 999 9999.0 999.0 999.0 999.0 99.0 99.00
2010 08 01 16 20 353  1.3  2.3 99.00 99.00 99.00 999 9999.0 999.0 999.0 999.0 99.0 99.00
2010 08 01 17 20 298  1.7  2.8 99.00 99.00 99.00 999 9999.0 999.0 999.0 999.0 99.0 99.00
2010 08 01 18 20 297  2.0  3.4 99.00 99.00 99.00 999 9999.0 999.0 999.0 999.0 99.0 99.00
2010 08 01 19 20 307  2.1  3.8 99.00 99.00 99.00 999 9999.0 999.0 999.0 999.0 99.0 99.00
2010 08 01 20 20 295  2.5  3.8 99.00 99.00 99.00 999 9999.0 999.0 999.0 999.0 99.0 99.00
2010 08 01 21 16 281  2.5  3.8 99.00 99.00 99.00 999 9999.0 999.0 999.0 999.0 99.0 99.00
2010 08 01 22 20 289  2.8  3.9 99.00 99.00 99.00 999 9999.0 999.0 999.0 999.0 99.0 99.00
2010 08 01 23 16 282  3.1  4.2 99.00 99.00 99.00 999 9999.0 999.0 999.0 999.0 99.0 99.00
2010 08 02 00 20 274  2.7  3.5 99.00 99.00 99.00 999 9999.0 999.0 999.0 999.0 99.0 99.00
2010 08 02 01 16 285  2.4  3.5 99.00 99.00 99.00 999 9999.0 999.0 999.0 999.0 99.0 99.00
2010 08 02 02 16 303  2.1  3.1 99.00 99.00 99.00 999 9999.0 999.0 999.0 999.0 99.0 99.00
2010 08 02 03 20 310  1.6  2.3 99.00 99.00 99.00 999 9999.0 999.0 999.0 999.0 99.0 99.00
2010 08 02 04 20 312  1.2  1.8 99.00 99.00 99.00 999 9999.0 999.0 999.0 999.0 99.0 99.00
2010 08 02 05 16 331  1.7  2.5 99.00 99.00 99.00 999 9999.0 999.0 999.0 999.0 99.0 99.00
2010 08 02 06 16 325  1.4  2.7 99.00 99.00 99.00 999 9999.0 999.0 999.0 999.0 99.0 99.00
2010 08 02 07 16 355  1.3  3.1 99.00 99.00 99.00 999 9999.0 999.0 999.0 999.0 99.0 99.00
2010 08 02 08 20 279  1.2  2.7 99.00 99.00 99.00 999 9999.0 999.0 999.0 999.0 99.0 99.00
2010 08 02 09 16 279  0.4  1.6 99.00 99.00 99.00 999 9999.0 999.0 999.0 999.0 99.0 99.00
2010 08 02 10 20 289  1.8  3.3 99.00 99.00 99.00 999 9999.0 999.0 999.0 999.0 99.0 99.00
2010 08 02 11 16   4  2.2  3.8 99.00 99.00 99.00 999 9999.0 999.0 999.0 999.0 99.0 99.00
2010 08 02 12 16 339  2.4  4.1 99.00 99.00 99.00 999 9999.0 999.0 999.0 999.0 99.0 99.00
2010 08 02 13 16 341  2.1  4.0 99.00 99.00 99.00 999 9999.0 999.0 999.0 999.0 99.0 99.00
2010 08 02 14 16 347  3.2  4.8 99.00 99.00 99.00 999 9999.0 999.0 999.0 999.0 99.0 99.00
2010 08 02 15 16 330  3.4  5.0 99.00 99.00 99.00 999 9999.0 999.0 999.0 999.0 99.0 99.00
2010 08 02 16 16 332  2.7  4.6 99.00 99.00 99.00 999 9999.0 999.0 999.0 999.0 99.0 99.00
2010 08 02 17 16 331  3.3  5.1 99.00 99.00 99.00 999 9999.0 999.0 999.0 999.0 99.0 99.00
2010 08 02 18 16 321  3.0  4.5 99.00 99.00 99.00 999 9999.0 999.0 999.0 999.0 99.0 99.00
2010 08 02 19 16 314  3.3  4.3 99.00 99.00 99.00 999 9999.0 999.0 999.0 999.0 99.0 99.00
2010 08 02 20 16 309  3.8  4.8 99.00 99.00 99.00 999 9999.0 999.0 999.0 999.0 99.0 99.00
2010 08 02 21 16 316  3.0  4.7 99.00 99.00 99.00 999 9999.0 999.0 999.0 999.0 99.0 99.00
2010 08 02 22 16 306  3.1  4.5 99.00 99.00 99.00 999 9999.0 999.0 999.0 999.0 99.0 99.00
2010 08 02 23 16 310  2.8  3.7 99.00 99.00 99.00 999 9999.0 999.0 999.0 999.0 99.0 99.00
2010 08 03 00 16 307  2.9  3.8 99.00 99.00 99.00 999 9999.0 999.0 999.0 999.0 99.0 99.00
2010 08 03 01 16 313  2.1  2.9 99.00 99.00 99.00 999 9999.0 999.0 999.0 999.0 99.0 99.00
2010 08 03 02 16 316  2.5  3.3 99.00 99.00 99.00 999 9999.0 999.0 999.0 999.0 99.0 99.00
2010 08 03 03 16 324  2.9  4.1 99.00 99.00 99.00 999 9999.0 999.0 999.0 999.0 99.0 99.00
2010 08 03 04 16 354  2.3  3.2 99.00 99.00 99.00 999 9999.0 999.0 999.0 999.0 99.0 99.00
2010 08 03 05 16   5  1.7  2.4 99.00 99.00 99.00 999 9999.0 999.0 999.0 999.0 99.0 99.00
2010 08 03 06 16 337  3.2  4.1 99.00 99.00 99.00 999 9999.0 999.0 999.0 999.0 99.0 99.00
2010 08 03 07 16 331  2.5  3.4 99.00 99.00 99.00 999 9999.0 999.0 999.0 999.0 99.0 99.00
2010 08 03 08 16 352  3.0  4.0 99.00 99.00 99.00 999 9999.0 999.0 999.0 999.0 99.0 99.00
2010 08 03 09 16   2  1.9  3.3 99.00 99.00 99.00 999 9999.0 999.0 999.0 999.0 99.0 99.00
2010 08 03 10 16 346  2.0  3.7 99.00 99.00 99.00 999 9999.0 999.0 999.0 999.0 99.0 99.00
2010 08 03 11 16 322  2.1  3.3 99.00 99.00 99.00 999 9999.0 999.0 999.0 999.0 99.0 99.00
2010 08 03 12 16 328  2.0  3.3 99.00 99.00 99.00 999 9999.0 999.0 999.0 999.0 99.0 99.00
2010 08 03 13 16 318  2.7  3.9 99.00 99.00 99.00 999 9999.0 999.0 999.0 999.0 99.0 99.00
2010 08 03 14 16   2  2.3  3.7 99.00 99.00 99.00 999 9999.0 999.0 999.0 999.0 99.0 99.00
2010 08 03 15 16 348  2.0  2.8 99.00 99.00 99.00 999 9999.0 999.0 999.0 999.0 99.0 99.00
2010 08 03 16 16 328  2.4  3.4 99.00 99.00 99.00 999 9999.0 999.0 999.0 999.0 99.0 99.00
2010 08 03 17 16 324  2.9  3.9 99.00 99.00 99.00 999 9999.0 999.0 999.0 999.0 99.0 99.00
2010 08 03 18 16 335  1.6  2.6 99.00 99.00 99.00 999 9999.0 999.0 999.0 999.0 99.0 99.00
2010 08 03 20 16 288  2.1  3.9 99.00 99.00 99.00 999 9999.0 999.0 999.0 999.0 99.0 99.00
2010 08 03 21 16 297  2.8  3.8 99.00 99.00 99.00 999 9999.0 999.0 999.0 999.0 99.0 99.00
2010 08 03 22 16 294  2.9  3.8 99.00 99.00 99.00 999 9999.0 999.0 999.0 999.0 99.0 99.00
2010 08 03 23 16 302  3.4  4.3 99.00 99.00 99.00 999 9999.0 999.0 999.0 999.0 99.0 99.00
2010 08 04 00 16 305  3.0  4.1 99.00 99.00 99.00 999 9999.0 999.0 999.0 999.0 99.0 99.00
2010 08 04 01 16 311  2.9  3.8 99.00 99.00 99.00 999 9999.0 999.0 999.0 999.0 99.0 99.00
2010 08 04 02 16 320  2.9  4.4 99.00 99.00 99.00 999 9999.0 999.0 999.0 999.0 99.0 99.00
2010 08 04 03 16 320  2.4  3.6 99.00 99.00 99.00 999 9999.0 999.0 999.0 999.0 99.0 99.00
2010 08 04 04 16 307  1.6  2.7 99.00 99.00 99.00 999 9999.0 999.0 999.0 999.0 99.0 99.00
2010 08 04 05 16 277  1.3  2.6 99.00 99.00 99.00 999 9999.0 999.0 999.0 999.0 99.0 99.00
2010 08 04 06 16 294  1.6  2.8 99.00 99.00 99.00 999 9999.0 999.0 999.0 999.0 99.0 99.00
2010 08 04 07 16 232  1.4  2.4 99.00 99.00 99.00 999 9999.0 999.0 999.0 999.0 99.0 99.00
2010 08 04 08 16 247  1.1  2.3 99.00 99.00 99.00 999 9999.0 999.0 999.0 999.0 99.0 99.00
2010 08 04 09 16 270  1.2  2.5 99.00 99.00 99.00 999 9999.0 999.0 999.0 999.0 99.0 99.00
2010 08 04 10 16 258  1.1  2.6 99.00 99.00 99.00 999 9999.0 999.0 999.0 999.0 99.0 99.00
2010 08 04 11 16 284  1.2  3.1 99.00 99.00 99.00 999 9999.0 999.0 999.0 999.0 99.0 99.00
2010 08 04 12 16 305  1.0  2.2 99.00 99.00 99.00 999 9999.0 999.0 999.0 999.0 99.0 99.00
2010 08 04 13 16 228  1.0  2.0 99.00 99.00 99.00 999 9999.0 999.0 999.0 999.0 99.0 99.00
2010 08 04 14 16 243  1.2  2.6 99.00 99.00 99.00 999 9999.0 999.0 999.0 999.0 99.0 99.00
2010 08 04 15 16 237  0.9  3.0 99.00 99.00 99.00 999 9999.0 999.0 999.0 999.0 99.0 99.00
2010 08 04 16 16 275  1.7  3.0 99.00 99.00 99.00 999 9999.0 999.0 999.0 999.0 99.0 99.00
2010 08 04 17 16 281  2.0  3.0 99.00 99.00 99.00 999 9999.0 999.0 999.0 999.0 99.0 99.00
2010 08 04 18 16 279  2.5  3.6 99.00 99.00 99.00 999 9999.0 999.0 999.0 999.0 99.0 99.00
2010 08 04 19 16 287  2.5  3.8 99.00 99.00 99.00 999 9999.0 999.0 999.0 999.0 99.0 99.00
2010 08 04 20 16 288  2.9  4.0 99.00 99.00 99.00 999 9999.0 999.0 999.0 999.0 99.0 99.00
2010 08 04 21 16 293  2.4  4.0 99.00 99.00 99.00 999 9999.0 999.0 999.0 999.0 99.0 99.00
2010 08 04 22 16 293  2.6  4.0 99.00 99.00 99.00 999 9999.0 999.0 999.0 999.0 99.0 99.00
2010 08 04 23 16 300  2.1  3.2 99.00 99.00 99.00 999 9999.0 999.0 999.0 999.0 99.0 99.00
2010 08 05 00 16 287  2.1  3.5 99.00 99.00 99.00 999 9999.0 999.0 999.0 999.0 99.0 99.00
2010 08 05 01 16 286  2.2  3.3 99.00 99.00 99.00 999 9999.0 999.0 999.0 999.0 99.0 99.00
2010 08 05 02 16 302  2.2  3.7 99.00 99.00 99.00 999 9999.0 999.0 999.0 999.0 99.0 99.00
2010 08 05 03 16 293  2.0  3.8 99.00 99.00 99.00 999 9999.0 999.0 999.0 999.0 99.0 99.00
2010 08 05 04 16 271  1.6  3.0 99.00 99.00 99.00 999 9999.0 999.0 999.0 999.0 99.0 99.00
2010 08 05 05 16 283  1.6  2.9 99.00 99.00 99.00 999 9999.0 999.0 999.0 999.0 99.0 99.00
2010 08 05 06 16 352  1.2  2.5 99.00 99.00 99.00 999 9999.0 999.0 999.0 999.0 99.0 99.00
2010 08 05 07 16 228  1.0  2.6 99.00 99.00 99.00 999 9999.0 999.0 999.0 999.0 99.0 99.00
2010 08 05 08 16 190  1.6  2.8 99.00 99.00 99.00 999 9999.0 999.0 999.0 999.0 99.0 99.00
2010 08 05 09 16 242  0.8  2.1 99.00 99.00 99.00 999 9999.0 999.0 999.0 999.0 99.0 99.00
2010 08 05 10 16 176  0.3  1.6 99.00 99.00 99.00 999 9999.0 999.0 999.0 999.0 99.0 99.00
2010 08 05 11 16 250  1.6  3.1 99.00 99.00 99.00 999 9999.0 999.0 999.0 999.0 99.0 99.00
2010 08 05 12 16 235  1.5  3.6 99.00 99.00 99.00 999 9999.0 999.0 999.0 999.0 99.0 99.00
2010 08 05 13 16 285  1.2  2.3 99.00 99.00 99.00 999 9999.0 999.0 999.0 999.0 99.0 99.00
2010 08 05 14 16 238  0.5  1.3 99.00 99.00 99.00 999 9999.0 999.0 999.0 999.0 99.0 99.00
2010 08 05 15 16 283  1.8  2.7 99.00 99.00 99.00 999 9999.0 999.0 999.0 999.0 99.0 99.00
2010 08 05 16 16 295  1.6  3.0 99.00 99.00 99.00 999 9999.0 999.0 999.0 999.0 99.0 99.00
2010 08 05 17 16 250  2.6  3.8 99.00 99.00 99.00 999 9999.0 999.0 999.0 999.0 99.0 99.00
2010 08 05 18 16 269  2.7  4.0 99.00 99.00 99.00 999 9999.0 999.0 999.0 999.0 99.0 99.00
2010 08 05 19 16 268  3.1  4.2 99.00 99.00 99.00 999 9999.0 999.0 999.0 999.0 99.0 99.00
2010 08 05 20 16 282  3.1  4.6 99.00 99.00 99.00 999 9999.0 999.0 999.0 999.0 99.0 99.00
2010 08 05 21 16 275  3.4  4.8 99.00 99.00 99.00 999 9999.0 999.0 999.0 999.0 99.0 99.00
2010 08 05 22 16 278  3.1  4.9 99.00 99.00 99.00 999 9999.0 999.0 999.0 999.0 99.0 99.00
2010 08 05 23 16 283  2.4  4.3 99.00 99.00 99.00 999 9999.0 999.0 999.0 999.0 99.0 99.00
2010 08 06 00 16 279  2.1  4.2 99.00 99.00 99.00 999 9999.0 999.0 999.0 999.0 99.0 99.00
2010 08 06 01 16 277  2.4  3.9 99.00 99.00 99.00 999 9999.0 999.0 999.0 999.0 99.0 99.00
2010 08 06 02 16 310  1.9  4.0 99.00 99.00 99.00 999 9999.0 999.0 999.0 999.0 99.0 99.00
2010 08 06 03 16 310  2.1  3.6 99.00 99.00 99.00 999 9999.0 999.0 999.0 999.0 99.0 99.00
2010 08 06 05 16 197  0.8  1.8 99.00 99.00 99.00 999 9999.0 999.0 999.0 999.0 99.0 99.00
2010 08 06 06 16 241  1.7  2.9 99.00 99.00 99.00 999 9999.0 999.0 999.0 999.0 99.0 99.00
2010 08 06 07 16 236  2.0  3.2 99.00 99.00 99.00 999 9999.0 999.0 999.0 999.0 99.0 99.00
2010 08 06 08 16 189  1.2  2.1 99.00 99.00 99.00 999 9999.0 999.0 999.0 999.0 99.0 99.00
2010 08 06 09 16 263  1.4  3.7 99.00 99.00 99.00 999 9999.0 999.0 999.0 999.0 99.0 99.00
2010 08 06 10 16 335  1.0  2.1 99.00 99.00 99.00 999 9999.0 999.0 999.0 999.0 99.0 99.00
2010 08 06 11 16 258  1.9  3.0 99.00 99.00 99.00 999 9999.0 999.0 999.0 999.0 99.0 99.00
2010 08 06 12 16 277  1.7  3.5 99.00 99.00 99.00 999 9999.0 999.0 999.0 999.0 99.0 99.00
2010 08 06 13 16 136  0.7  1.7 99.00 99.00 99.00 999 9999.0 999.0 999.0 999.0 99.0 99.00
2010 08 06 14 16 187  0.6  2.4 99.00 99.00 99.00 999 9999.0 999.0 999.0 999.0 99.0 99.00
2010 08 06 15 16 354  1.0  3.5 99.00 99.00 99.00 999 9999.0 999.0 999.0 999.0 99.0 99.00
2010 08 06 16 16 289  1.2  2.4 99.00 99.00 99.00 999 9999.0 999.0 999.0 999.0 99.0 99.00
2010 08 06 17 16 276  1.2  2.3 99.00 99.00 99.00 999 9999.0 999.0 999.0 999.0 99.0 99.00
2010 08 06 18 16 270  2.0  3.2 99.00 99.00 99.00 999 9999.0 999.0 999.0 999.0 99.0 99.00
2010 08 06 19 16 268  3.0  5.3 99.00 99.00 99.00 999 9999.0 999.0 999.0 999.0 99.0 99.00
2010 08 06 20 16 266  2.8  4.0 99.00 99.00 99.00 999 9999.0 999.0 999.0 999.0 99.0 99.00
2010 08 06 21 16 273  3.4  4.8 99.00 99.00 99.00 999 9999.0 999.0 999.0 999.0 99.0 99.00
2010 08 06 22 16 270  2.8  4.9 99.00 99.00 99.00 999 9999.0 999.0 999.0 999.0 99.0 99.00
2010 08 06 23 16 282  3.3  4.7 99.00 99.00 99.00 999 9999.0 999.0 999.0 999.0 99.0 99.00
2010 08 07 00 16 274  3.0  4.1 99.00 99.00 99.00 999 9999.0 999.0 999.0 999.0 99.0 99.00
2010 08 07 01 16 275  2.6  3.7 99.00 99.00 99.00 999 9999.0 999.0 999.0 999.0 99.0 99.00
2010 08 07 02 16 276  1.7  3.6 99.00 99.00 99.00 999 9999.0 999.0 999.0 999.0 99.0 99.00
2010 08 07 03 16 286  1.8  3.6 99.00 99.00 99.00 999 9999.0 999.0 999.0 999.0 99.0 99.00
2010 08 07 04 16 219  1.1  2.9 99.00 99.00 99.00 999 9999.0 999.0 999.0 999.0 99.0 99.00
2010 08 07 05 16 266  1.3  3.3 99.00 99.00 99.00 999 9999.0 999.0 999.0 999.0 99.0 99.00
2010 08 07 06 16 285  1.2  2.7 99.00 99.00 99.00 999 9999.0 999.0 999.0 999.0 99.0 99.00
2010 08 07 07 16 232  1.5  2.8 99.00 99.00 99.00 999 9999.0 999.0 999.0 999.0 99.0 99.00
2010 08 07 08 16 214  1.8  2.8 99.00 99.00 99.00 999 9999.0 999.0 999.0 999.0 99.0 99.00
2010 08 07 09 16 212  1.4  3.4 99.00 99.00 99.00 999 9999.0 999.0 999.0 999.0 99.0 99.00
2010 08 07 10 16 205  0.9  2.4 99.00 99.00 99.00 999 9999.0 999.0 999.0 999.0 99.0 99.00
2010 08 07 11 16 294  1.6  2.6 99.00 99.00 99.00 999 9999.0 999.0 999.0 999.0 99.0 99.00
2010 08 07 12 16 346  1.1  2.9 99.00 99.00 99.00 999 9999.0 999.0 999.0 999.0 99.0 99.00
2010 08 07 13 16  21  0.9  2.4 99.00 99.00 99.00 999 9999.0 999.0 999.0 999.0 99.0 99.00
2010 08 07 14 16 311  1.6  3.4 99.00 99.00 99.00 999 9999.0 999.0 999.0 999.0 99.0 99.00
2010 08 07 15 16 309  1.3  3.1 99.00 99.00 99.00 999 9999.0 999.0 999.0 999.0 99.0 99.00
2010 08 07 16 16 253  2.1  4.0 99.00 99.00 99.00 999 9999.0 999.0 999.0 999.0 99.0 99.00
2010 08 07 17 16 289  1.2  2.8 99.00 99.00 99.00 999 9999.0 999.0 999.0 999.0 99.0 99.00
2010 08 07 18 16 254  3.5  4.5 99.00 99.00 99.00 999 9999.0 999.0 999.0 999.0 99.0 99.00
2010 08 07 19 16 248  3.1  4.6 99.00 99.00 99.00 999 9999.0 999.0 999.0 999.0 99.0 99.00
2010 08 07 20 16 260  3.6  4.9 99.00 99.00 99.00 999 9999.0 999.0 999.0 999.0 99.0 99.00
2010 08 07 21 16 264  3.7  5.1 99.00 99.00 99.00 999 9999.0 999.0 999.0 999.0 99.0 99.00
2010 08 07 22 16 262  3.5  4.8 99.00 99.00 99.00 999 9999.0 999.0 999.0 999.0 99.0 99.00
2010 08 07 23 16 257  2.9  4.2 99.00 99.00 99.00 999 9999.0 999.0 999.0 999.0 99.0 99.00
2010 08 08 00 16 266  3.1  4.3 99.00 99.00 99.00 999 9999.0 999.0 999.0 999.0 99.0 99.00
2010 08 08 01 16 273  2.8  4.6 99.00 99.00 99.00 999 9999.0 999.0 999.0 999.0 99.0 99.00
2010 08 08 02 16 263  2.4  4.7 99.00 99.00 99.00 999 9999.0 999.0 999.0 999.0 99.0 99.00
2010 08 08 03 16 309  1.4  3.7 99.00 99.00 99.00 999 9999.0 999.0 999.0 999.0 99.0 99.00
2010 08 08 04 16 291  1.2  2.5 99.00 99.00 99.00 999 9999.0 999.0 999.0 999.0 99.0 99.00
2010 08 08 05 16 180  2.3  3.8 99.00 99.00 99.00 999 9999.0 999.0 999.0 999.0 99.0 99.00
2010 08 08 06 16 193  1.8  3.5 99.00 99.00 99.00 999 9999.0 999.0 999.0 999.0 99.0 99.00
2010 08 08 07 16 200  2.3  4.1 99.00 99.00 99.00 999 9999.0 999.0 999.0 999.0 99.0 99.00
2010 08 08 08 16 186  1.9  4.1 99.00 99.00 99.00 999 9999.0 999.0 999.0 999.0 99.0 99.00
2010 08 08 09 16 183  2.2  3.8 99.00 99.00 99.00 999 9999.0 999.0 999.0 999.0 99.0 99.00
2010 08 08 10 16 203  2.2  4.2 99.00 99.00 99.00 999 9999.0 999.0 999.0 999.0 99.0 99.00
2010 08 08 11 16 117  2.2  3.7 99.00 99.00 99.00 999 9999.0 999.0 999.0 999.0 99.0 99.00
2010 08 08 12 16 202  1.0  2.9 99.00 99.00 99.00 999 9999.0 999.0 999.0 999.0 99.0 99.00
2010 08 08 13 16 176  2.0  4.1 99.00 99.00 99.00 999 9999.0 999.0 999.0 999.0 99.0 99.00
2010 08 08 14 16 188  2.6  3.7 99.00 99.00 99.00 999 9999.0 999.0 999.0 999.0 99.0 99.00
2010 08 08 15 16 177  1.5  3.6 99.00 99.00 99.00 999 9999.0 999.0 999.0 999.0 99.0 99.00
2010 08 08 16 16 263  2.6  3.7 99.00 99.00 99.00 999 9999.0 999.0 999.0 999.0 99.0 99.00
2010 08 08 17 16 256  2.8  4.1 99.00 99.00 99.00 999 9999.0 999.0 999.0 999.0 99.0 99.00
2010 08 08 18 16 242  2.7  3.9 99.00 99.00 99.00 999 9999.0 999.0 999.0 999.0 99.0 99.00
2010 08 08 19 16 247  3.5  4.9 99.00 99.00 99.00 999 9999.0 999.0 999.0 999.0 99.0 99.00
2010 08 08 20 16 255  3.7  5.0 99.00 99.00 99.00 999 9999.0 999.0 999.0 999.0 99.0 99.00
2010 08 08 21 16 261  3.4  5.0 99.00 99.00 99.00 999 9999.0 999.0 999.0 999.0 99.0 99.00
2010 08 08 22 16 266  2.9  4.5 99.00 99.00 99.00 999 9999.0 999.0 999.0 999.0 99.0 99.00
2010 08 08 23 16 270  3.1  4.3 99.00 99.00 99.00 999 9999.0 999.0 999.0 999.0 99.0 99.00
2010 08 09 00 16 284  3.2  4.8 99.00 99.00 99.00 999 9999.0 999.0 999.0 999.0 99.0 99.00
2010 08 09 01 16 294  2.9  4.1 99.00 99.00 99.00 999 9999.0 999.0 999.0 999.0 99.0 99.00
2010 08 09 02 16 291  2.4  3.4 99.00 99.00 99.00 999 9999.0 999.0 999.0 999.0 99.0 99.00
2010 08 09 03 16 302  1.9  3.4 99.00 99.00 99.00 999 9999.0 999.0 999.0 999.0 99.0 99.00
2010 08 09 04 16 297  1.3  2.5 99.00 99.00 99.00 999 9999.0 999.0 999.0 999.0 99.0 99.00
2010 08 09 05 16 327  1.2  2.3 99.00 99.00 99.00 999 9999.0 999.0 999.0 999.0 99.0 99.00
2010 08 09 06 16 328  1.3  2.1 99.00 99.00 99.00 999 9999.0 999.0 999.0 999.0 99.0 99.00
2010 08 09 07 16  95  0.3  1.5 99.00 99.00 99.00 999 9999.0 999.0 999.0 999.0 99.0 99.00
2010 08 09 08 16 104  0.4  1.1 99.00 99.00 99.00 999 9999.0 999.0 999.0 999.0 99.0 99.00
2010 08 09 09 16  36  1.6  2.5 99.00 99.00 99.00 999 9999.0 999.0 999.0 999.0 99.0 99.00
2010 08 09 10 16  40  0.6  1.7 99.00 99.00 99.00 999 9999.0 999.0 999.0 999.0 99.0 99.00
2010 08 09 11 16  24  0.9  3.2 99.00 99.00 99.00 999 9999.0 999.0 999.0 999.0 99.0 99.00
2010 08 09 12 16  21  2.2  3.9 99.00 99.00 99.00 999 9999.0 999.0 999.0 999.0 99.0 99.00
2010 08 09 13 16  37  2.5  3.5 99.00 99.00 99.00 999 9999.0 999.0 999.0 999.0 99.0 99.00
2010 08 09 14 16  57  2.9  4.2 99.00 99.00 99.00 999 9999.0 999.0 999.0 999.0 99.0 99.00
2010 08 09 15 16  46  2.1  3.1 99.00 99.00 99.00 999 9999.0 999.0 999.0 999.0 99.0 99.00
2010 08 09 16 16  11  1.7  3.3 99.00 99.00 99.00 999 9999.0 999.0 999.0 999.0 99.0 99.00
2010 08 09 17 16 310  1.6  3.0 99.00 99.00 99.00 999 9999.0 999.0 999.0 999.0 99.0 99.00
2010 08 09 18 16 339  2.0  3.1 99.00 99.00 99.00 999 9999.0 999.0 999.0 999.0 99.0 99.00
2010 08 09 19 16 295  2.4  3.4 99.00 99.00 99.00 999 9999.0 999.0 999.0 999.0 99.0 99.00
2010 08 09 20 16 281  2.5  3.9 99.00 99.00 99.00 999 9999.0 999.0 999.0 999.0 99.0 99.00
2010 08 09 21 16 293  3.1  4.4 99.00 99.00 99.00 999 9999.0 999.0 999.0 999.0 99.0 99.00
2010 08 09 22 16 290  2.9  4.0 99.00 99.00 99.00 999 9999.0 999.0 999.0 999.0 99.0 99.00
2010 08 09 23 16 303  3.5  4.6 99.00 99.00 99.00 999 9999.0 999.0 999.0 999.0 99.0 99.00
2010 08 10 00 16 314  3.1  4.3 99.00 99.00 99.00 999 9999.0 999.0 999.0 999.0 99.0 99.00
2010 08 10 01 16 325  3.3  4.3 99.00 99.00 99.00 999 9999.0 999.0 999.0 999.0 99.0 99.00
2010 08 10 02 16 333  3.1  4.0 99.00 99.00 99.00 999 9999.0 999.0 999.0 999.0 99.0 99.00
2010 08 10 03 16 340  2.9  4.0 99.00 99.00 99.00 999 9999.0 999.0 999.0 999.0 99.0 99.00
2010 08 10 04 16 314  2.6  3.6 99.00 99.00 99.00 999 9999.0 999.0 999.0 999.0 99.0 99.00
2010 08 10 05 16 308  2.7  3.6 99.00 99.00 99.00 999 9999.0 999.0 999.0 999.0 99.0 99.00
2010 08 10 06 16 304  2.5  3.8 99.00 99.00 99.00 999 9999.0 999.0 999.0 999.0 99.0 99.00
2010 08 10 07 16 297  1.3  2.9 99.00 99.00 99.00 999 9999.0 999.0 999.0 999.0 99.0 99.00
2010 08 10 08 16 357  1.0  2.4 99.00 99.00 99.00 999 9999.0 999.0 999.0 999.0 99.0 99.00
2010 08 10 09 16 317  0.7  2.0 99.00 99.00 99.00 999 9999.0 999.0 999.0 999.0 99.0 99.00
2010 08 10 10 16 226  0.6  1.7 99.00 99.00 99.00 999 9999.0 999.0 999.0 999.0 99.0 99.00
2010 08 10 11 16 256  1.3  2.4 99.00 99.00 99.00 999 9999.0 999.0 999.0 999.0 99.0 99.00
2010 08 10 12 16  11  1.9  3.2 99.00 99.00 99.00 999 9999.0 999.0 999.0 999.0 99.0 99.00
2010 08 10 13 16 346  1.3  2.6 99.00 99.00 99.00 999 9999.0 999.0 999.0 999.0 99.0 99.00
2010 08 10 14 16 348  2.7  3.5 99.00 99.00 99.00 999 9999.0 999.0 999.0 999.0 99.0 99.00
2010 08 10 15 16 340  1.5  2.5 99.00 99.00 99.00 999 9999.0 999.0 999.0 999.0 99.0 99.00
2010 08 10 16 16 330  2.3  3.7 99.00 99.00 99.00 999 9999.0 999.0 999.0 999.0 99.0 99.00
2010 08 10 17 16 312  2.5  3.9 99.00 99.00 99.00 999 9999.0 999.0 999.0 999.0 99.0 99.00
2010 08 10 18 16 303  2.8  4.1 99.00 99.00 99.00 999 9999.0 999.0 999.0 999.0 99.0 99.00
2010 08 10 19 16 306  3.2  4.4 99.00 99.00 99.00 999 9999.0 999.0 999.0 999.0 99.0 99.00
2010 08 10 20 16 300  3.5  5.5 99.00 99.00 99.00 999 9999.0 999.0 999.0 999.0 99.0 99.00
2010 08 10 21 16 294  3.4  4.7 99.00 99.00 99.00 999 9999.0 999.0 999.0 999.0 99.0 99.00
2010 08 10 22 16 293  3.4  4.6 99.00 99.00 99.00 999 9999.0 999.0 999.0 999.0 99.0 99.00
2010 08 10 23 16 294  3.9  5.5 99.00 99.00 99.00 999 9999.0 999.0 999.0 999.0 99.0 99.00
2010 08 11 00 16 301  3.5  4.8 99.00 99.00 99.00 999 9999.0 999.0 999.0 999.0 99.0 99.00
2010 08 11 01 16 305  3.2  5.1 99.00 99.00 99.00 999 9999.0 999.0 999.0 999.0 99.0 99.00
2010 08 11 02 16 306  2.8  4.0 99.00 99.00 99.00 999 9999.0 999.0 999.0 999.0 99.0 99.00
2010 08 11 03 16 293  2.6  3.9 99.00 99.00 99.00 999 9999.0 999.0 999.0 999.0 99.0 99.00
2010 08 11 04 16 290  2.3  3.8 99.00 99.00 99.00 999 9999.0 999.0 999.0 999.0 99.0 99.00
2010 08 11 05 16 294  1.8  4.0 99.00 99.00 99.00 999 9999.0 999.0 999.0 999.0 99.0 99.00
2010 08 11 06 16 268  1.7  3.1 99.00 99.00 99.00 999 9999.0 999.0 999.0 999.0 99.0 99.00
2010 08 11 07 16 262  1.3  2.6 99.00 99.00 99.00 999 9999.0 999.0 999.0 999.0 99.0 99.00
2010 08 11 08 16 280  1.2  2.2 99.00 99.00 99.00 999 9999.0 999.0 999.0 999.0 99.0 99.00
2010 08 11 09 16 277  1.0  2.7 99.00 99.00 99.00 999 9999.0 999.0 999.0 999.0 99.0 99.00
2010 08 11 10 16 309  1.4  2.6 99.00 99.00 99.00 999 9999.0 999.0 999.0 999.0 99.0 99.00
2010 08 11 11 16 337  1.0  2.7 99.00 99.00 99.00 999 9999.0 999.0 999.0 999.0 99.0 99.00
2010 08 11 12 16 337  1.8  3.3 99.00 99.00 99.00 999 9999.0 999.0 999.0 999.0 99.0 99.00
2010 08 11 13 16  44  1.4  3.0 99.00 99.00 99.00 999 9999.0 999.0 999.0 999.0 99.0 99.00
2010 08 11 14 16  50  1.3  2.2 99.00 99.00 99.00 999 9999.0 999.0 999.0 999.0 99.0 99.00
2010 08 11 15 16   0  1.3  3.7 99.00 99.00 99.00 999 9999.0 999.0 999.0 999.0 99.0 99.00
2010 08 11 16 16 287  3.4  4.6 99.00 99.00 99.00 999 9999.0 999.0 999.0 999.0 99.0 99.00
2010 08 11 17 16 281  3.3  4.5 99.00 99.00 99.00 999 9999.0 999.0 999.0 999.0 99.0 99.00
2010 08 11 18 16 286  3.6  5.5 99.00 99.00 99.00 999 9999.0 999.0 999.0 999.0 99.0 99.00
2010 11 23 20 16 999 99.0 99.0  0.89 11.13 99.00 999 9999.0 999.0 999.0 999.0 99.0 99.00
2010 11 23 21 16 999 99.0 99.0  0.81 11.13 99.00 999 9999.0 999.0 999.0 999.0 99.0 99.00
2010 11 23 22 16 999 99.0 99.0  0.85  9.85 99.00 999 9999.0 999.0 999.0 999.0 99.0 99.00
2010 11 23 23 16 999 99.0 99.0  0.76  9.48 99.00 999 9999.0 999.0 999.0 999.0 99.0 99.00
2010 11 24 00 16 999 99.0 99.0  0.76  9.48 99.00 999 9999.0 999.0 999.0 999.0 99.0 99.00
2010 11 24 01 16 999 99.0 99.0  0.77  5.69 99.00 999 9999.0 999.0 999.0 999.0 99.0 99.00
2010 11 24 02 16 999 99.0 99.0  0.77  9.48 99.00 999 9999.0 999.0 999.0 999.0 99.0 99.00
2010 11 24 03 16 999 99.0 99.0  0.83  3.41 99.00 999 9999.0 999.0 999.0 999.0 99.0 99.00
2010 11 24 04 16 999 99.0 99.0  0.95  4.83 99.00 999 9999.0 999.0 999.0 999.0 99.0 99.00
2010 11 24 05 16 999 99.0 99.0  0.91  4.65 99.00 999 9999.0 999.0 999.0 999.0 99.0 99.00
2010 11 24 06 16 999 99.0 99.0  0.87  5.33 99.00 999 9999.0 999.0 999.0 999.0 99.0 99.00
2010 11 24 07 16 999 99.0 99.0  0.99  5.45 99.00 999 9999.0 999.0 999.0 999.0 99.0 99.00
2010 11 24 08 16 999 99.0 99.0  0.95  5.33 99.00 999 9999.0 999.0 999.0 999.0 99.0 99.00
2010 11 24 09 16 999 99.0 99.0  0.98  5.45 99.00 999 9999.0 999.0 999.0 999.0 99.0 99.00
2010 11 24 10 16 999 99.0 99.0  0.95  5.02 99.00 999 9999.0 999.0 999.0 999.0 99.0 99.00
2010 11 24 11 16 999 99.0 99.0  1.08  5.33 99.00 999 9999.0 999.0 999.0 999.0 99.0 99.00
2010 11 24 12 16 999 99.0 99.0  1.32  5.57 99.00 999 9999.0 999.0 999.0 999.0 99.0 99.00
2010 11 24 13 16 999 99.0 99.0  1.37  5.45 99.00 999 9999.0 999.0 999.0 999.0 99.0 99.00
2010 11 24 14 16 999 99.0 99.0  1.32  5.95 99.00 999 9999.0 999.0 999.0 999.0 99.0 99.00
2010 11 24 15 16 999 99.0 99.0  1.38  5.95 99.00 999 9999.0 999.0 999.0 999.0 99.0 99.00
2010 11 24 16 16 999 99.0 99.0  1.33  6.40 99.00 999 9999.0 999.0 999.0 999.0 99.0 99.00
2010 11 24 18 16 999 99.0 99.0  1.36  6.92 99.00 999 9999.0 999.0 999.0 999.0 99.0 99.00
2010 11 24 19 16 999 99.0 99.0  1.34  7.11 99.00 999 9999.0 999.0 999.0 999.0 99.0 99.00
2010 11 24 20 16 999 99.0 99.0  1.34  8.00 99.00 999 9999.0 999.0 999.0 999.0 99.0 99.00
2010 11 24 21 16 999 99.0 99.0  1.44  7.31 99.00 999 9999.0 999.0 999.0 999.0 99.0 99.00
2010 11 24 22 16 999 99.0 99.0  1.47  7.76 99.00 999 9999.0 999.0 999.0 999.0 99.0 99.00
2010 11 24 23 16 999 99.0 99.0  1.41  8.26 99.00 999 9999.0 999.0 999.0 999.0 99.0 99.00
2010 11 25 00 16 999 99.0 99.0  1.35  8.26 99.00 999 9999.0 999.0 999.0 999.0 99.0 99.00
2010 11 25 01 16 999 99.0 99.0  1.32  8.00 99.00 999 9999.0 999.0 999.0 999.0 99.0 99.00
2010 11 25 02 16 999 99.0 99.0  1.27  8.53 99.00 999 9999.0 999.0 999.0 999.0 99.0 99.00
2010 11 25 03 16 999 99.0 99.0  1.19  8.26 99.00 999 9999.0 999.0 999.0 999.0 99.0 99.00
2010 11 25 04 16 999 99.0 99.0  1.09  7.76 99.00 999 9999.0 999.0 999.0 999.0 99.0 99.00
2010 11 25 05 16 999 99.0 99.0  1.12  8.26 99.00 999 9999.0 999.0 999.0 999.0 99.0 99.00
2010 11 25 06 16 999 99.0 99.0  1.15  8.53 99.00 999 9999.0 999.0 999.0 999.0 99.0 99.00
2010 11 25 07 16 999 99.0 99.0  1.22  9.14 99.00 999 9999.0 999.0 999.0 999.0 99.0 99.00
2010 11 25 08 16 999 99.0 99.0  1.22  8.53 99.00 999 9999.0 999.0 999.0 999.0 99.0 99.00
2010 11 25 09 16 999 99.0 99.0  1.21  9.85 99.00 999 9999.0 999.0 999.0 999.0 99.0 99.00
2010 11 25 10 16 999 99.0 99.0  1.16  7.76 99.00 999 9999.0 999.0 999.0 999.0 99.0 99.00
2010 11 25 11 16 999 99.0 99.0  1.09  7.76 99.00 999 9999.0 999.0 999.0 999.0 99.0 99.00
2010 11 25 12 16 999 99.0 99.0  0.93  7.76 99.00 999 9999.0 999.0 999.0 999.0 99.0 99.00
2010 11 25 13 16 999 99.0 99.0  0.89  6.92 99.00 999 9999.0 999.0 999.0 999.0 99.0 99.00
2010 11 25 14 16 999 99.0 99.0  0.86  7.53 99.00 999 9999.0 999.0 999.0 999.0 99.0 99.00
2010 11 25 15 16 999 99.0 99.0  0.85  7.31 99.00 999 9999.0 999.0 999.0 999.0 99.0 99.00
2010 11 25 16 16 999 99.0 99.0  0.81  6.92 99.00 999 9999.0 999.0 999.0 999.0 99.0 99.00
2010 11 25 17 16 999 99.0 99.0  0.81  9.14 99.00 999 9999.0 999.0 999.0 999.0 99.0 99.00
2010 11 25 18 16 999 99.0 99.0  0.83  8.53 99.00 999 9999.0 999.0 999.0 999.0 99.0 99.00
2010 11 25 19 16 999 99.0 99.0  0.88  8.83 99.00 999 9999.0 999.0 999.0 999.0 99.0 99.00
2010 11 25 20 16 999 99.0 99.0  0.88  8.83 99.00 999 9999.0 999.0 999.0 999.0 99.0 99.00
2010 11 25 21 16 999 99.0 99.0  0.92  8.26 99.00 999 9999.0 999.0 999.0 999.0 99.0 99.00
2010 11 25 22 16 999 99.0 99.0  0.79  8.53 99.00 999 9999.0 999.0 999.0 999.0 99.0 99.00
2010 11 25 23 16 999 99.0 99.0  0.77  8.00 99.00 999 9999.0 999.0 999.0 999.0 99.0 99.00
2010 11 26 00 16 999 99.0 99.0  0.85  8.83 99.00 999 9999.0 999.0 999.0 999.0 99.0 99.00
2010 11 26 01 16 999 99.0 99.0  0.73  8.00 99.00 999 9999.0 999.0 999.0 999.0 99.0 99.00
2010 11 26 02 16 999 99.0 99.0  0.65  7.76 99.00 999 9999.0 999.0 999.0 999.0 99.0 99.00
2010 11 26 03 16 999 99.0 99.0  0.64  8.83 99.00 999 9999.0 999.0 999.0 999.0 99.0 99.00
2010 11 26 04 16 999 99.0 99.0  0.58  8.00 99.00 999 9999.0 999.0 999.0 999.0 99.0 99.00
2010 11 26 05 16 999 99.0 99.0  0.57  8.83 99.00 999 9999.0 999.0 999.0 999.0 99.0 99.00
2010 11 26 06 16 999 99.0 99.0  0.59  9.14 99.00 999 9999.0 999.0 999.0 999.0 99.0 99.00
2010 11 26 07 16 999 99.0 99.0  0.58  8.00 99.00 999 9999.0 999.0 999.0 999.0 99.0 99.00
2010 11 26 08 16 999 99.0 99.0  0.55  8.26 99.00 999 9999.0 999.0 999.0 999.0 99.0 99.00
2010 11 26 09 16 999 99.0 99.0  0.56  8.00 99.00 999 9999.0 999.0 999.0 999.0 99.0 99.00
2010 11 26 10 16 999 99.0 99.0  0.56  8.00 99.00 999 9999.0 999.0 999.0 999.0 99.0 99.00
2010 11 26 11 16 999 99.0 99.0  0.50  7.53 99.00 999 9999.0 999.0 999.0 999.0 99.0 99.00
2010 11 26 12 16 999 99.0 99.0  0.44  6.92 99.00 999 9999.0 999.0 999.0 999.0 99.0 99.00
2010 11 26 13 16 999 99.0 99.0  0.39  8.00 99.00 999 9999.0 999.0 999.0 999.0 99.0 99.00
2010 11 26 14 16 999 99.0 99.0  0.36  6.56 99.00 999 9999.0 999.0 999.0 999.0 99.0 99.00
2010 11 26 15 16 999 99.0 99.0  0.32  6.74 99.00 999 9999.0 999.0 999.0 999.0 99.0 99.00
2010 11 26 16 16 999 99.0 99.0  0.35  5.95 99.00 999 9999.0 999.0 999.0 999.0 99.0 99.00
2010 11 26 17 16 999 99.0 99.0  0.35  6.74 99.00 999 9999.0 999.0 999.0 999.0 99.0 99.00
2010 11 26 18 12 999 99.0 99.0  0.35  6.40 99.00 999 9999.0 999.0 999.0 999.0 99.0 99.00
2010 11 26 18 40 999 99.0 99.0  0.42  7.11 99.00 999 9999.0 999.0 999.0 999.0 99.0 99.00
2010 11 26 20 16 999 99.0 99.0  0.37  8.26 99.00 999 9999.0 999.0 999.0 999.0 99.0 99.00
2010 11 26 21 16 999 99.0 99.0  0.36  8.00 99.00 999 9999.0 999.0 999.0 999.0 99.0 99.00
2010 11 26 22 16 999 99.0 99.0  0.35  6.74 99.00 999 9999.0 999.0 999.0 999.0 99.0 99.00
2010 11 26 23 16 999 99.0 99.0  0.31  6.24 99.00 999 9999.0 999.0 999.0 999.0 99.0 99.00
2010 11 27 00 16 999 99.0 99.0  0.35  7.53 99.00 999 9999.0 999.0 999.0 999.0 99.0 99.00
2010 11 27 01 16 999 99.0 99.0  0.34  7.76 99.00 999 9999.0 999.0 999.0 999.0 99.0 99.00
2010 11 27 02 16 999 99.0 99.0  0.30  6.92 99.00 999 9999.0 999.0 999.0 999.0 99.0 99.00
2010 11 27 03 16 999 99.0 99.0  0.27  7.53 99.00 999 9999.0 999.0 999.0 999.0 99.0 99.00
2010 11 27 04 16 999 99.0 99.0  0.28  7.31 99.00 999 9999.0 999.0 999.0 999.0 99.0 99.00
2010 11 27 05 16 999 99.0 99.0  0.27  7.53 99.00 999 9999.0 999.0 999.0 999.0 99.0 99.00
2010 11 27 06 16 999 99.0 99.0  0.26  7.31 99.00 999 9999.0 999.0 999.0 999.0 99.0 99.00
2010 11 27 07 16 999 99.0 99.0  0.28  8.26 99.00 999 9999.0 999.0 999.0 999.0 99.0 99.00
2010 11 27 08 16 999 99.0 99.0  0.30  7.31 99.00 999 9999.0 999.0 999.0 999.0 99.0 99.00
2010 11 27 09 16 999 99.0 99.0  0.29  6.56 99.00 999 9999.0 999.0 999.0 999.0 99.0 99.00
2010 11 27 10 16 999 99.0 99.0  0.31  8.26 99.00 999 9999.0 999.0 999.0 999.0 99.0 99.00
2010 11 27 11 16 999 99.0 99.0  0.32  6.24 99.00 999 9999.0 999.0 999.0 999.0 99.0 99.00
2010 11 27 12 16 999 99.0 99.0  0.34  3.41 99.00 999 9999.0 999.0 999.0 999.0 99.0 99.00
2010 11 27 13 16 999 99.0 99.0  0.36 12.80 99.00 999 9999.0 999.0 999.0 999.0 99.0 99.00
2010 11 27 14 16 999 99.0 99.0  0.30 12.80 99.00 999 9999.0 999.0 999.0 999.0 99.0 99.00
2010 11 27 15 16 999 99.0 99.0  0.30 12.80 99.00 999 9999.0 999.0 999.0 999.0 99.0 99.00
2010 11 27 16 16 999 99.0 99.0  0.26 12.19 99.00 999 9999.0 999.0 999.0 999.0 99.0 99.00
2010 11 27 17 16 999 99.0 99.0  0.29 12.19 99.00 999 9999.0 999.0 999.0 999.0 99.0 99.00
2010 11 27 18 16 999 99.0 99.0  0.30  4.27 99.00 999 9999.0 999.0 999.0 999.0 99.0 99.00
2010 11 27 19 16 999 99.0 99.0  0.35  4.20 99.00 999 9999.0 999.0 999.0 999.0 99.0 99.00
2010 11 27 20 16 999 99.0 99.0  0.37  4.20 99.00 999 9999.0 999.0 999.0 999.0 99.0 99.00
2010 11 27 21 16 999 99.0 99.0  0.41 11.64 99.00 999 9999.0 999.0 999.0 999.0 99.0 99.00
2010 11 27 22 16 999 99.0 99.0  0.49  5.02 99.00 999 9999.0 999.0 999.0 999.0 99.0 99.00
2010 11 27 23 16 999 99.0 99.0  0.56  4.74 99.00 999 9999.0 999.0 999.0 999.0 99.0 99.00
2010 11 28 00 16 999 99.0 99.0  0.70  4.65 99.00 999 9999.0 999.0 999.0 999.0 99.0 99.00
2010 11 28 01 16 999 99.0 99.0  0.70  4.83 99.00 999 9999.0 999.0 999.0 999.0 99.0 99.00
2010 11 28 02 16 999 99.0 99.0  0.71  5.22 99.00 999 9999.0 999.0 999.0 999.0 99.0 99.00
2010 11 28 03 16 999 99.0 99.0  0.67  5.12 99.00 999 9999.0 999.0 999.0 999.0 99.0 99.00
2010 11 28 04 16 999 99.0 99.0  0.59  5.33 99.00 999 9999.0 999.0 999.0 999.0 99.0 99.00
2010 11 28 05 16 999 99.0 99.0  0.58  5.22 99.00 999 9999.0 999.0 999.0 999.0 99.0 99.00
2010 11 28 06 16 999 99.0 99.0  0.62  4.41 99.00 999 9999.0 999.0 999.0 999.0 99.0 99.00
2010 11 28 07 16 999 99.0 99.0  0.66  5.69 99.00 999 9999.0 999.0 999.0 999.0 99.0 99.00
2010 11 28 08 16 999 99.0 99.0  0.86  3.71 99.00 999 9999.0 999.0 999.0 999.0 99.0 99.00
2010 11 28 09 16 999 99.0 99.0  1.04  4.83 99.00 999 9999.0 999.0 999.0 999.0 99.0 99.00
2010 11 28 10 16 999 99.0 99.0  1.26  5.82 99.00 999 9999.0 999.0 999.0 999.0 99.0 99.00
2010 11 28 11 16 999 99.0 99.0  1.66  6.40 99.00 999 9999.0 999.0 999.0 999.0 99.0 99.00
2010 11 28 12 16 999 99.0 99.0  1.63  6.40 99.00 999 9999.0 999.0 999.0 999.0 99.0 99.00
2010 11 28 13 16 999 99.0 99.0  1.52  6.56 99.00 999 9999.0 999.0 999.0 999.0 99.0 99.00
2010 11 28 14 16 999 99.0 99.0  1.70  5.82 99.00 999 9999.0 999.0 999.0 999.0 99.0 99.00
2010 11 28 15 16 999 99.0 99.0  1.79  7.11 99.00 999 9999.0 999.0 999.0 999.0 99.0 99.00
2010 11 28 16 16 999 99.0 99.0  1.88  7.11 99.00 999 9999.0 999.0 999.0 999.0 99.0 99.00
2010 11 28 17 16 999 99.0 99.0  1.63  7.31 99.00 999 9999.0 999.0 999.0 999.0 99.0 99.00
2010 11 28 18 16 999 99.0 99.0  1.50  6.92 99.00 999 9999.0 999.0 999.0 999.0 99.0 99.00
2010 11 28 19 16 999 99.0 99.0  1.29  7.31 99.00 999 9999.0 999.0 999.0 999.0 99.0 99.00
2010 11 28 20 16 999 99.0 99.0  1.36  7.76 99.00 999 9999.0 999.0 999.0 999.0 99.0 99.00
2010 11 28 21 16 999 99.0 99.0  1.23  8.00 99.00 999 9999.0 999.0 999.0 999.0 99.0 99.00
2010 11 28 22 16 999 99.0 99.0  1.23  8.00 99.00 999 9999.0 999.0 999.0 999.0 99.0 99.00
2010 11 28 23 16 999 99.0 99.0  1.29  8.00 99.00 999 9999.0 999.0 999.0 999.0 99.0 99.00
2010 11 29 00 16 999 99.0 99.0  1.25  7.53 99.00 999 9999.0 999.0 999.0 999.0 99.0 99.00
2010 11 29 01 16 999 99.0 99.0  1.30  7.31 99.00 999 9999.0 999.0 999.0 999.0 99.0 99.00
2010 11 29 02 16 999 99.0 99.0  1.28  7.76 99.00 999 9999.0 999.0 999.0 999.0 99.0 99.00
2010 11 29 03 16 999 99.0 99.0  1.39  7.76 99.00 999 9999.0 999.0 999.0 999.0 99.0 99.00
2010 11 29 04 16 999 99.0 99.0  1.48  6.24 99.00 999 9999.0 999.0 999.0 999.0 99.0 99.00
2010 11 29 05 16 999 99.0 99.0  1.47  5.95 99.00 999 9999.0 999.0 999.0 999.0 99.0 99.00
2010 11 29 06 16 999 99.0 99.0  1.29  6.92 99.00 999 9999.0 999.0 999.0 999.0 99.0 99.00
2010 11 29 07 16 999 99.0 99.0  1.25  6.92 99.00 999 9999.0 999.0 999.0 999.0 99.0 99.00
2010 11 29 08 16 999 99.0 99.0  1.20  7.53 99.00 999 9999.0 999.0 999.0 999.0 99.0 99.00
2010 11 29 09 16 999 99.0 99.0  1.29 10.67 99.00 999 9999.0 999.0 999.0 999.0 99.0 99.00
2010 11 29 10 16 999 99.0 99.0  1.36  8.00 99.00 999 9999.0 999.0 999.0 999.0 99.0 99.00
2010 11 29 11 16 999 99.0 99.0  1.33  9.48 99.00 999 9999.0 999.0 999.0 999.0 99.0 99.00
2010 11 29 12 16 999 99.0 99.0  1.25  9.48 99.00 999 9999.0 999.0 999.0 999.0 99.0 99.00
2010 11 29 13 16 999 99.0 99.0  1.17 10.24 99.00 999 9999.0 999.0 999.0 999.0 99.0 99.00
2010 11 29 14 16 999 99.0 99.0  1.06 10.24 99.00 999 9999.0 999.0 999.0 999.0 99.0 99.00
2010 11 29 15 16 999 99.0 99.0  1.01  8.26 99.00 999 9999.0 999.0 999.0 999.0 99.0 99.00
2010 11 29 16 16 999 99.0 99.0  1.00  8.83 99.00 999 9999.0 999.0 999.0 999.0 99.0 99.00
2010 11 29 17 16 999 99.0 99.0  0.92  8.00 99.00 999 9999.0 999.0 999.0 999.0 99.0 99.00
2010 11 29 18 16 999 99.0 99.0  0.89  9.14 99.00 999 9999.0 999.0 999.0 999.0 99.0 99.00
2010 11 29 19 16 999 99.0 99.0  0.95  9.48 99.00 999 9999.0 999.0 999.0 999.0 99.0 99.00
2010 11 29 20 16 999 99.0 99.0  0.91  8.53 99.00 999 9999.0 999.0 999.0 999.0 99.0 99.00
2010 11 29 21 16 999 99.0 99.0  0.89 12.19 99.00 999 9999.0 999.0 999.0 999.0 99.0 99.00
2010 11 29 22 16 999 99.0 99.0  0.95  9.48 99.00 999 9999.0 999.0 999.0 999.0 99.0 99.00
2010 11 29 23 17 999 99.0 99.0  0.88 10.67 99.00 999 9999.0 999.0 999.0 999.0 99.0 99.00
2010 11 30 00 20 999 99.0 99.0  0.86  9.85 99.00 999 9999.0 999.0 999.0 999.0 99.0 99.00
2010 11 30 01 20 999 99.0 99.0  0.88 11.13 99.00 999 9999.0 999.0 999.0 999.0 99.0 99.00
2010 11 30 02 20 999 99.0 99.0  0.88 10.67 99.00 999 9999.0 999.0 999.0 999.0 99.0 99.00
2010 11 30 03 20 999 99.0 99.0  0.83 10.24 99.00 999 9999.0 999.0 999.0 999.0 99.0 99.00
2010 11 30 04 20 999 99.0 99.0  0.74  8.53 99.00 999 9999.0 999.0 999.0 999.0 99.0 99.00
2010 11 30 05 20 999 99.0 99.0  0.79  9.14 99.00 999 9999.0 999.0 999.0 999.0 99.0 99.00
2010 11 30 06 20 999 99.0 99.0  0.68  7.53 99.00 999 9999.0 999.0 999.0 999.0 99.0 99.00
2010 11 30 07 20 999 99.0 99.0  0.55 11.64 99.00 999 9999.0 999.0 999.0 999.0 99.0 99.00
2010 11 30 08 20 999 99.0 99.0  0.60  9.14 99.00 999 9999.0 999.0 999.0 999.0 99.0 99.00
2010 11 30 09 20 999 99.0 99.0  0.57 11.64 99.00 999 9999.0 999.0 999.0 999.0 99.0 99.00
2010 11 30 10 20 999 99.0 99.0  0.60 11.13 99.00 999 9999.0 999.0 999.0 999.0 99.0 99.00
2010 11 30 11 20 999 99.0 99.0  0.62 10.67 99.00 999 9999.0 999.0 999.0 999.0 99.0 99.00
2010 11 30 12 20 999 99.0 99.0  0.63 11.13 99.00 999 9999.0 999.0 999.0 999.0 99.0 99.00
2010 11 30 13 20 999 99.0 99.0  0.61 11.13 99.00 999 9999.0 999.0 999.0 999.0 99.0 99.00
2010 11 30 14 20 999 99.0 99.0  0.62 10.67 99.00 999 9999.0 999.0 999.0 999.0 99.0 99.00
2010 11 30 15 20 999 99.0 99.0  0.58 11.64 99.00 999 9999.0 999.0 999.0 999.0 99.0 99.00
2010 11 30 16 20 999 99.0 99.0  0.54  9.85 99.00 999 9999.0 999.0 999.0 999.0 99.0 99.00
2010 11 30 17 20 999 99.0 99.0  0.55 11.13 99.00 999 9999.0 999.0 999.0 999.0 99.0 99.00
2010 11 30 18 20 999 99.0 99.0  0.53 10.67 99.00 999 9999.0 999.0 999.0 999.0 99.0 99.00
2010 11 30 19 20 999 99.0 99.0  0.47 11.13 99.00 999 9999.0 999.0 999.0 999.0 99.0 99.00
2010 11 30 20 20 999 99.0 99.0  0.46 10.67 99.00 999 9999.0 999.0 999.0 999.0 99.0 99.00
2010 11 30 21 20 999 99.0 99.0  0.51 11.13 99.00 999 9999.0 999.0 999.0 999.0 99.0 99.00
2010 11 30 22 20 999 99.0 99.0  0.50 11.13 99.00 999 9999.0 999.0 999.0 999.0 99.0 99.00
2010 11 30 23 20 999 99.0 99.0  0.50 11.13 99.00 999 9999.0 999.0 999.0 999.0 99.0 99.00
2010 12 01 00 20 999 99.0 99.0  0.52  9.14 99.00 999 9999.0 999.0 999.0 999.0 99.0 99.00
2010 12 01 01 20 999 99.0 99.0  0.49  9.85 99.00 999 9999.0 999.0 999.0 999.0 99.0 99.00
2010 12 01 02 20 999 99.0 99.0  0.50  9.85 99.00 999 9999.0 999.0 999.0 999.0 99.0 99.00
2010 12 01 03 20 999 99.0 99.0  0.51 10.67 99.00 999 9999.0 999.0 999.0 999.0 99.0 99.00
2010 12 01 04 20 999 99.0 99.0  0.43  8.53 99.00 999 9999.0 999.0 999.0 999.0 99.0 99.00
2010 12 01 05 20 999 99.0 99.0  0.44 11.13 99.00 999 9999.0 999.0 999.0 999.0 99.0 99.00
2010 12 01 06 20 999 99.0 99.0  0.36 10.67 99.00 999 9999.0 999.0 999.0 999.0 99.0 99.00
2010 12 01 07 20 999 99.0 99.0  0.35  8.53 99.00 999 9999.0 999.0 999.0 999.0 99.0 99.00
2010 12 01 08 20 999 99.0 99.0  0.44  9.48 99.00 999 9999.0 999.0 999.0 999.0 99.0 99.00
2010 12 01 09 20 999 99.0 99.0  0.46 10.67 99.00 999 9999.0 999.0 999.0 999.0 99.0 99.00
2010 12 01 10 20 999 99.0 99.0  0.49 10.24 99.00 999 9999.0 999.0 999.0 999.0 99.0 99.00
2010 12 01 11 20 999 99.0 99.0  0.46 10.24 99.00 999 9999.0 999.0 999.0 999.0 99.0 99.00
2010 12 01 12 20 999 99.0 99.0  0.44  8.00 99.00 999 9999.0 999.0 999.0 999.0 99.0 99.00
2010 12 01 13 20 999 99.0 99.0  0.46 11.13 99.00 999 9999.0 999.0 999.0 999.0 99.0 99.00
2010 12 01 14 20 999 99.0 99.0  0.43  8.53 99.00 999 9999.0 999.0 999.0 999.0 99.0 99.00
2010 12 01 15 20 999 99.0 99.0  0.43 10.24 99.00 999 9999.0 999.0 999.0 999.0 99.0 99.00
2010 12 01 16 20 999 99.0 99.0  0.42 10.24 99.00 999 9999.0 999.0 999.0 999.0 99.0 99.00
2010 12 01 17 20 999 99.0 99.0  0.39 10.67 99.00 999 9999.0 999.0 999.0 999.0 99.0 99.00
2010 12 01 18 20 999 99.0 99.0  0.37  7.76 99.00 999 9999.0 999.0 999.0 999.0 99.0 99.00
2010 12 01 19 20 999 99.0 99.0  0.33  9.48 99.00 999 9999.0 999.0 999.0 999.0 99.0 99.00
2010 12 01 20 20 999 99.0 99.0  0.31  9.48 99.00 999 9999.0 999.0 999.0 999.0 99.0 99.00
2010 12 01 21 20 999 99.0 99.0  0.32  8.26 99.00 999 9999.0 999.0 999.0 999.0 99.0 99.00
2010 12 01 22 20 999 99.0 99.0  0.32  8.26 99.00 999 9999.0 999.0 999.0 999.0 99.0 99.00
2010 12 01 23 20 999 99.0 99.0  0.30  8.53 99.00 999 9999.0 999.0 999.0 999.0 99.0 99.00
2010 12 02 00 20 999 99.0 99.0  0.30  8.53 99.00 999 9999.0 999.0 999.0 999.0 99.0 99.00
2010 12 02 01 20 999 99.0 99.0  0.29 12.19 99.00 999 9999.0 999.0 999.0 999.0 99.0 99.00
2010 12 02 02 20 999 99.0 99.0  0.27  8.53 99.00 999 9999.0 999.0 999.0 999.0 99.0 99.00
2010 12 02 03 20 999 99.0 99.0  0.29  7.76 99.00 999 9999.0 999.0 999.0 999.0 99.0 99.00
2010 12 02 04 20 999 99.0 99.0  0.28  9.14 99.00 999 9999.0 999.0 999.0 999.0 99.0 99.00
2010 12 02 05 20 999 99.0 99.0  0.30  9.85 99.00 999 9999.0 999.0 999.0 999.0 99.0 99.00
2010 12 02 06 20 999 99.0 99.0  0.30  7.53 99.00 999 9999.0 999.0 999.0 999.0 99.0 99.00
2010 12 02 07 20 999 99.0 99.0  0.30  8.53 99.00 999 9999.0 999.0 999.0 999.0 99.0 99.00
2010 12 02 08 20 999 99.0 99.0  0.33 12.19 99.00 999 9999.0 999.0 999.0 999.0 99.0 99.00
2010 12 02 09 20 999 99.0 99.0  0.35 11.64 99.00 999 9999.0 999.0 999.0 999.0 99.0 99.00
2010 12 02 10 20 999 99.0 99.0  0.33 11.64 99.00 999 9999.0 999.0 999.0 999.0 99.0 99.00
2010 12 02 11 20 999 99.0 99.0  0.32 11.64 99.00 999 9999.0 999.0 999.0 999.0 99.0 99.00
2010 12 02 12 20 999 99.0 99.0  0.33 11.13 99.00 999 9999.0 999.0 999.0 999.0 99.0 99.00
2010 12 02 13 20 999 99.0 99.0  0.35 11.13 99.00 999 9999.0 999.0 999.0 999.0 99.0 99.00
2010 12 02 14 20 999 99.0 99.0  0.39 10.67 99.00 999 9999.0 999.0 999.0 999.0 99.0 99.00
2010 12 02 15 20 999 99.0 99.0  0.43 10.67 99.00 999 9999.0 999.0 999.0 999.0 99.0 99.00
2010 12 02 16 20 999 99.0 99.0  0.47 10.24 99.00 999 9999.0 999.0 999.0 999.0 99.0 99.00
2010 12 02 17 20 999 99.0 99.0  0.43 10.67 99.00 999 9999.0 999.0 999.0 999.0 99.0 99.00
2010 12 02 19 20 999 99.0 99.0  0.49 10.67 99.00 999 9999.0 999.0 999.0 999.0 99.0 99.00
2010 12 02 20 20 999 99.0 99.0  0.46  9.48 99.00 999 9999.0 999.0 999.0 999.0 99.0 99.00
2010 12 02 21 20 999 99.0 99.0  0.44  9.14 99.00 999 9999.0 999.0 999.0 999.0 99.0 99.00
2010 12 02 22 20 999 99.0 99.0  0.46  9.48 99.00 999 9999.0 999.0 999.0 999.0 99.0 99.00
2010 12 02 23 20 999 99.0 99.0  0.45 11.64 99.00 999 9999.0 999.0 999.0 999.0 99.0 99.00
2010 12 03 00 20 999 99.0 99.0  0.48 11.13 99.00 999 9999.0 999.0 999.0 999.0 99.0 99.00
2010 12 03 01 20 999 99.0 99.0  0.50 12.80 99.00 999 9999.0 999.0 999.0 999.0 99.0 99.00
2010 12 03 02 20 999 99.0 99.0  0.58 12.19 99.00 999 9999.0 999.0 999.0 999.0 99.0 99.00
2010 12 03 03 20 999 99.0 99.0  0.60 12.80 99.00 999 9999.0 999.0 999.0 999.0 99.0 99.00
2010 12 03 04 20 999 99.0 99.0  0.65 12.19 99.00 999 9999.0 999.0 999.0 999.0 99.0 99.00
2010 12 03 05 20 999 99.0 99.0  0.61 12.80 99.00 999 9999.0 999.0 999.0 999.0 99.0 99.00
2010 12 03 06 20 999 99.0 99.0  0.59 12.80 99.00 999 9999.0 999.0 999.0 999.0 99.0 99.00
2010 12 03 07 20 999 99.0 99.0  0.65 12.80 99.00 999 9999.0 999.0 999.0 999.0 99.0 99.00
2010 12 03 08 20 999 99.0 99.0  0.55 12.80 99.00 999 9999.0 999.0 999.0 999.0 99.0 99.00
2010 12 03 09 20 999 99.0 99.0  0.59 12.80 99.00 999 9999.0 999.0 999.0 999.0 99.0 99.00
2010 12 03 10 20 999 99.0 99.0  0.51 11.64 99.00 999 9999.0 999.0 999.0 999.0 99.0 99.00
2010 12 03 11 20 999 99.0 99.0  0.55 12.19 99.00 999 9999.0 999.0 999.0 999.0 99.0 99.00
2010 12 03 12 20 999 99.0 99.0  0.49 12.80 99.00 999 9999.0 999.0 999.0 999.0 99.0 99.00
2010 12 03 13 20 999 99.0 99.0  0.59 11.64 99.00 999 9999.0 999.0 999.0 999.0 99.0 99.00
2010 12 03 14 20 999 99.0 99.0  0.59 12.19 99.00 999 9999.0 999.0 999.0 999.0 99.0 99.00
2010 12 03 15 20 999 99.0 99.0  0.56 12.19 99.00 999 9999.0 999.0 999.0 999.0 99.0 99.00
2010 12 03 16 20 999 99.0 99.0  0.65 12.19 99.00 999 9999.0 999.0 999.0 999.0 99.0 99.00
2010 12 03 17 20 999 99.0 99.0  0.64 11.64 99.00 999 9999.0 999.0 999.0 999.0 99.0 99.00
2010 12 03 18 20 999 99.0 99.0  0.64 11.13 99.00 999 9999.0 999.0 999.0 999.0 99.0 99.00
2010 12 03 19 20 999 99.0 99.0  0.58 11.64 99.00 999 9999.0 999.0 999.0 999.0 99.0 99.00
2010 12 03 20 20 999 99.0 99.0  0.56 11.64 99.00 999 9999.0 999.0 999.0 999.0 99.0 99.00
2010 12 03 21 20 999 99.0 99.0  0.56 11.64 99.00 999 9999.0 999.0 999.0 999.0 99.0 99.00
2010 12 03 22 20 999 99.0 99.0  0.56 11.13 99.00 999 9999.0 999.0 999.0 999.0 99.0 99.00
2010 12 03 23 20 999 99.0 99.0  0.50  9.48 99.00 999 9999.0 999.0 999.0 999.0 99.0 99.00
2010 12 04 00 20 999 99.0 99.0  0.50 11.13 99.00 999 9999.0 999.0 999.0 999.0 99.0 99.00
2010 12 04 01 20 999 99.0 99.0  0.49 11.13 99.00 999 9999.0 999.0 999.0 999.0 99.0 99.00
2010 12 04 02 20 999 99.0 99.0  0.46 11.13 99.00 999 9999.0 999.0 999.0 999.0 99.0 99.00
2010 12 04 03 20 999 99.0 99.0  0.49 10.24 99.00 999 9999.0 999.0 999.0 999.0 99.0 99.00
2010 12 04 04 20 999 99.0 99.0  0.49 11.13 99.00 999 9999.0 999.0 999.0 999.0 99.0 99.00
2010 12 04 05 20 999 99.0 99.0  0.50 11.13 99.00 999 9999.0 999.0 999.0 999.0 99.0 99.00
2010 12 04 06 20 999 99.0 99.0  0.46 10.24 99.00 999 9999.0 999.0 999.0 999.0 99.0 99.00
2010 12 04 17 28 999 99.0 99.0  0.45 12.19 99.00 999 9999.0 999.0 999.0 999.0 99.0 99.00
2010 12 05 01 16 999 99.0 99.0  0.32  9.14 99.00 999 9999.0 999.0 999.0 999.0 99.0 99.00
2010 12 05 02 20 999 99.0 99.0  0.31  9.14 99.00 999 9999.0 999.0 999.0 999.0 99.0 99.00
2010 12 05 04 20 999 99.0 99.0  0.31 10.67 99.00 999 9999.0 999.0 999.0 999.0 99.0 99.00
2010 12 05 05 20 999 99.0 99.0  0.32 11.64 99.00 999 9999.0 999.0 999.0 999.0 99.0 99.00
2010 12 05 06 20 999 99.0 99.0  0.30 10.24 99.00 999 9999.0 999.0 999.0 999.0 99.0 99.00
2010 12 05 07 20 999 99.0 99.0  0.29  9.14 99.00 999 9999.0 999.0 999.0 999.0 99.0 99.00
2010 12 05 08 20 999 99.0 99.0  0.29  9.85 99.00 999 9999.0 999.0 999.0 999.0 99.0 99.00
2010 12 05 10 20 999 99.0 99.0  0.26 10.67 99.00 999 9999.0 999.0 999.0 999.0 99.0 99.00
2010 12 05 11 20 999 99.0 99.0  0.28 11.13 99.00 999 9999.0 999.0 999.0 999.0 99.0 99.00
2010 12 05 12 20 999 99.0 99.0  0.28 11.13 99.00 999 9999.0 999.0 999.0 999.0 99.0 99.00
2010 12 05 13 20 999 99.0 99.0  0.29 10.24 99.00 999 9999.0 999.0 999.0 999.0 99.0 99.00
2010 12 05 14 20 999 99.0 99.0  0.29  9.48 99.00 999 9999.0 999.0 999.0 999.0 99.0 99.00
2010 12 05 15 20 999 99.0 99.0  0.35  9.48 99.00 999 9999.0 999.0 999.0 999.0 99.0 99.00
2010 12 05 16 20 999 99.0 99.0  0.37  9.48 99.00 999 9999.0 999.0 999.0 999.0 99.0 99.00
2010 12 05 17 20 999 99.0 99.0  0.45  9.14 99.00 999 9999.0 999.0 999.0 999.0 99.0 99.00
2010 12 05 18 20 999 99.0 99.0  0.54  8.83 99.00 999 9999.0 999.0 999.0 999.0 99.0 99.00
2010 12 05 19 20 999 99.0 99.0  0.53  8.83 99.00 999 9999.0 999.0 999.0 999.0 99.0 99.00
2010 12 05 20 20 999 99.0 99.0  0.51  9.14 99.00 999 9999.0 999.0 999.0 999.0 99.0 99.00
2010 12 05 21 20 999 99.0 99.0  0.53  9.14 99.00 999 9999.0 999.0 999.0 999.0 99.0 99.00
2010 12 05 22 20 999 99.0 99.0  0.53  8.00 99.00 999 9999.0 999.0 999.0 999.0 99.0 99.00
2010 12 05 23 20 999 99.0 99.0  0.50  8.00 99.00 999 9999.0 999.0 999.0 999.0 99.0 99.00
2010 12 06 00 20 999 99.0 99.0  0.54  8.83 99.00 999 9999.0 999.0 999.0 999.0 99.0 99.00
2010 12 06 01 20 999 99.0 99.0  0.50  8.26 99.00 999 9999.0 999.0 999.0 999.0 99.0 99.00
2010 12 06 02 20 999 99.0 99.0  0.47  8.53 99.00 999 9999.0 999.0 999.0 999.0 99.0 99.00
2010 12 06 03 20 999 99.0 99.0  0.46  8.53 99.00 999 9999.0 999.0 999.0 999.0 99.0 99.00
2010 12 06 04 20 999 99.0 99.0  0.47  8.26 99.00 999 9999.0 999.0 999.0 999.0 99.0 99.00
2010 12 06 05 20 999 99.0 99.0  0.44  8.26 99.00 999 9999.0 999.0 999.0 999.0 99.0 99.00
2010 12 06 06 20 999 99.0 99.0  0.44 13.47 99.00 999 9999.0 999.0 999.0 999.0 99.0 99.00
2010 12 06 07 20 999 99.0 99.0  0.45 12.80 99.00 999 9999.0 999.0 999.0 999.0 99.0 99.00
2010 12 06 08 20 999 99.0 99.0  0.44 12.80 99.00 999 9999.0 999.0 999.0 999.0 99.0 99.00
2010 12 06 09 20 999 99.0 99.0  0.41 12.80 99.00 999 9999.0 999.0 999.0 999.0 99.0 99.00
2010 12 06 10 20 999 99.0 99.0  0.42 12.80 99.00 999 9999.0 999.0 999.0 999.0 99.0 99.00
2010 12 06 11 20 999 99.0 99.0  0.35  8.00 99.00 999 9999.0 999.0 999.0 999.0 99.0 99.00
2010 12 06 12 20 999 99.0 99.0  0.35  7.76 99.00 999 9999.0 999.0 999.0 999.0 99.0 99.00
2010 12 06 13 20 999 99.0 99.0  0.35 12.80 99.00 999 9999.0 999.0 999.0 999.0 99.0 99.00
2010 12 06 14 20 999 99.0 99.0  0.35 12.80 99.00 999 9999.0 999.0 999.0 999.0 99.0 99.00
2010 12 06 15 20 999 99.0 99.0  0.34 12.19 99.00 999 9999.0 999.0 999.0 999.0 99.0 99.00
2010 12 06 16 20 999 99.0 99.0  0.33 12.19 99.00 999 9999.0 999.0 999.0 999.0 99.0 99.00
2010 12 06 17 20 999 99.0 99.0  0.38 12.80 99.00 999 9999.0 999.0 999.0 999.0 99.0 99.00
2010 12 06 18 20 999 99.0 99.0  0.37 12.80 99.00 999 9999.0 999.0 999.0 999.0 99.0 99.00
2010 12 06 19 20 999 99.0 99.0  0.33 12.80 99.00 999 9999.0 999.0 999.0 999.0 99.0 99.00
2010 12 06 20 20 999 99.0 99.0  0.44  3.32 99.00 999 9999.0 999.0 999.0 999.0 99.0 99.00
2010 12 06 21 20 999 99.0 99.0  0.48  7.76 99.00 999 9999.0 999.0 999.0 999.0 99.0 99.00
2010 12 06 22 20 999 99.0 99.0  0.53 11.64 99.00 999 9999.0 999.0 999.0 999.0 99.0 99.00
2010 12 06 23 20 999 99.0 99.0  0.60  9.14 99.00 999 9999.0 999.0 999.0 999.0 99.0 99.00
2010 12 07 00 20 999 99.0 99.0  0.64  7.31 99.00 999 9999.0 999.0 999.0 999.0 99.0 99.00
2010 12 07 01 20 999 99.0 99.0  0.73  7.31 99.00 999 9999.0 999.0 999.0 999.0 99.0 99.00
2010 12 07 02 20 999 99.0 99.0  0.84  9.14 99.00 999 9999.0 999.0 999.0 999.0 99.0 99.00
2010 12 07 03 20 999 99.0 99.0  0.85  8.83 99.00 999 9999.0 999.0 999.0 999.0 99.0 99.00
2010 12 07 04 20 999 99.0 99.0  0.93  8.83 99.00 999 9999.0 999.0 999.0 999.0 99.0 99.00
2010 12 07 05 20 999 99.0 99.0  0.89  9.14 99.00 999 9999.0 999.0 999.0 999.0 99.0 99.00
2010 12 07 06 20 999 99.0 99.0  1.01  9.14 99.00 999 9999.0 999.0 999.0 999.0 99.0 99.00
2010 12 07 07 20 999 99.0 99.0  1.09 10.24 99.00 999 9999.0 999.0 999.0 999.0 99.0 99.00
2010 12 07 08 20 999 99.0 99.0  1.17  9.48 99.00 999 9999.0 999.0 999.0 999.0 99.0 99.00
2010 12 07 09 20 999 99.0 99.0  1.17 10.24 99.00 999 9999.0 999.0 999.0 999.0 99.0 99.00
2010 12 07 10 20 999 99.0 99.0  1.10  9.85 99.00 999 9999.0 999.0 999.0 999.0 99.0 99.00
2010 12 07 11 20 999 99.0 99.0  0.94  9.14 99.00 999 9999.0 999.0 999.0 999.0 99.0 99.00
2010 12 07 12 20 999 99.0 99.0  0.95  9.85 99.00 999 9999.0 999.0 999.0 999.0 99.0 99.00
2010 12 07 13 20 999 99.0 99.0  0.95  9.14 99.00 999 9999.0 999.0 999.0 999.0 99.0 99.00
2010 12 07 14 20 999 99.0 99.0  1.00  8.83 99.00 999 9999.0 999.0 999.0 999.0 99.0 99.00
2010 12 07 15 20 999 99.0 99.0  1.02  9.14 99.00 999 9999.0 999.0 999.0 999.0 99.0 99.00
2010 12 07 16 20 999 99.0 99.0  1.03  9.48 99.00 999 9999.0 999.0 999.0 999.0 99.0 99.00
2010 12 07 17 20 999 99.0 99.0  1.05  9.14 99.00 999 9999.0 999.0 999.0 999.0 99.0 99.00
2010 12 07 18 20 999 99.0 99.0  1.05  8.83 99.00 999 9999.0 999.0 999.0 999.0 99.0 99.00
2010 12 07 19 20 999 99.0 99.0  1.02  9.14 99.00 999 9999.0 999.0 999.0 999.0 99.0 99.00
2010 12 07 20 20 999 99.0 99.0  0.94  9.48 99.00 999 9999.0 999.0 999.0 999.0 99.0 99.00
2010 12 07 21 20 999 99.0 99.0  0.95  9.14 99.00 999 9999.0 999.0 999.0 999.0 99.0 99.00
2010 12 07 22 20 999 99.0 99.0  0.91  9.48 99.00 999 9999.0 999.0 999.0 999.0 99.0 99.00
2010 12 07 23 20 999 99.0 99.0  0.90  9.85 99.00 999 9999.0 999.0 999.0 999.0 99.0 99.00
2010 12 08 00 20 999 99.0 99.0  0.86  8.83 99.00 999 9999.0 999.0 999.0 999.0 99.0 99.00
2010 12 08 01 20 999 99.0 99.0  0.78  8.83 99.00 999 9999.0 999.0 999.0 999.0 99.0 99.00
2010 12 08 02 20 999 99.0 99.0  0.79  8.83 99.00 999 9999.0 999.0 999.0 999.0 99.0 99.00
2010 12 08 03 20 999 99.0 99.0  0.83  8.83 99.00 999 9999.0 999.0 999.0 999.0 99.0 99.00
2010 12 08 04 20 999 99.0 99.0  0.75  8.26 99.00 999 9999.0 999.0 999.0 999.0 99.0 99.00
2010 12 08 05 20 999 99.0 99.0  0.66  8.26 99.00 999 9999.0 999.0 999.0 999.0 99.0 99.00
2010 12 08 06 20 999 99.0 99.0  0.71  8.83 99.00 999 9999.0 999.0 999.0 999.0 99.0 99.00
2010 12 08 07 20 999 99.0 99.0  0.66  8.53 99.00 999 9999.0 999.0 999.0 999.0 99.0 99.00
2010 12 08 08 20 999 99.0 99.0  0.73  8.26 99.00 999 9999.0 999.0 999.0 999.0 99.0 99.00
2010 12 08 09 20 999 99.0 99.0  0.69  7.53 99.00 999 9999.0 999.0 999.0 999.0 99.0 99.00
2010 12 08 10 20 999 99.0 99.0  0.69  7.76 99.00 999 9999.0 999.0 999.0 999.0 99.0 99.00
2010 12 08 11 20 999 99.0 99.0  0.72  7.76 99.00 999 9999.0 999.0 999.0 999.0 99.0 99.00
2010 12 08 12 20 999 99.0 99.0  0.65  7.76 99.00 999 9999.0 999.0 999.0 999.0 99.0 99.00
2010 12 08 13 20 999 99.0 99.0  0.62  7.53 99.00 999 9999.0 999.0 999.0 999.0 99.0 99.00
2010 12 08 14 20 999 99.0 99.0  0.62  7.76 99.00 999 9999.0 999.0 999.0 999.0 99.0 99.00
2010 12 09 00 20 999 99.0 99.0  0.98 10.24 99.00 999 9999.0 999.0 999.0 999.0 99.0 99.00
2010 12 09 01 20 999 99.0 99.0  0.98 10.24 99.00 999 9999.0 999.0 999.0 999.0 99.0 99.00
2010 12 09 02 20 999 99.0 99.0  0.95 10.67 99.00 999 9999.0 999.0 999.0 999.0 99.0 99.00
2010 12 09 03 20 999 99.0 99.0  0.88 11.13 99.00 999 9999.0 999.0 999.0 999.0 99.0 99.00
2010 12 09 04 20 999 99.0 99.0  0.79  9.85 99.00 999 9999.0 999.0 999.0 999.0 99.0 99.00
2010 12 09 05 20 999 99.0 99.0  0.86  9.14 99.00 999 9999.0 999.0 999.0 999.0 99.0 99.00
2010 12 09 06 20 999 99.0 99.0  0.92 11.13 99.00 999 9999.0 999.0 999.0 999.0 99.0 99.00
2010 12 09 07 20 999 99.0 99.0  0.88 10.24 99.00 999 9999.0 999.0 999.0 999.0 99.0 99.00
2010 12 09 08 20 999 99.0 99.0  0.98 10.67 99.00 999 9999.0 999.0 999.0 999.0 99.0 99.00
2010 12 09 09 20 999 99.0 99.0  1.00 11.64 99.00 999 9999.0 999.0 999.0 999.0 99.0 99.00
2010 12 09 10 20 999 99.0 99.0  1.00 11.64 99.00 999 9999.0 999.0 999.0 999.0 99.0 99.00
2010 12 09 11 20 999 99.0 99.0  0.90 10.67 99.00 999 9999.0 999.0 999.0 999.0 99.0 99.00
2010 12 09 12 20 999 99.0 99.0  0.94 11.13 99.00 999 9999.0 999.0 999.0 999.0 99.0 99.00
2010 12 09 13 20 999 99.0 99.0  0.95 11.13 99.00 999 9999.0 999.0 999.0 999.0 99.0 99.00
2010 12 09 14 20 999 99.0 99.0  0.96 10.24 99.00 999 9999.0 999.0 999.0 999.0 99.0 99.00
2010 12 09 15 20 999 99.0 99.0  0.96 11.13 99.00 999 9999.0 999.0 999.0 999.0 99.0 99.00
2010 12 09 16 20 999 99.0 99.0  0.97 10.67 99.00 999 9999.0 999.0 999.0 999.0 99.0 99.00
2010 12 09 17 20 999 99.0 99.0  0.99 10.24 99.00 999 9999.0 999.0 999.0 999.0 99.0 99.00
2010 12 09 18 20 999 99.0 99.0  1.09 10.67 99.00 999 9999.0 999.0 999.0 999.0 99.0 99.00
2010 12 09 19 20 999 99.0 99.0  1.18  9.85 99.00 999 9999.0 999.0 999.0 999.0 99.0 99.00
2010 12 09 20 20 999 99.0 99.0  1.22 12.80 99.00 999 9999.0 999.0 999.0 999.0 99.0 99.00
2010 12 09 21 20 999 99.0 99.0  1.14 11.64 99.00 999 9999.0 999.0 999.0 999.0 99.0 99.00
2010 12 09 22 20 999 99.0 99.0  1.20 12.19 99.00 999 9999.0 999.0 999.0 999.0 99.0 99.00
2010 12 09 23 20 999 99.0 99.0  1.13 14.22 99.00 999 9999.0 999.0 999.0 999.0 99.0 99.00
2010 12 10 00 20 999 99.0 99.0  1.10 12.19 99.00 999 9999.0 999.0 999.0 999.0 99.0 99.00
2010 12 10 01 20 999 99.0 99.0  1.11 14.22 99.00 999 9999.0 999.0 999.0 999.0 99.0 99.00
2010 12 10 02 20 999 99.0 99.0  1.15 14.22 99.00 999 9999.0 999.0 999.0 999.0 99.0 99.00
2010 12 10 03 20 999 99.0 99.0  1.16 15.06 99.00 999 9999.0 999.0 999.0 999.0 99.0 99.00
2010 12 10 04 20 999 99.0 99.0  1.17 13.47 99.00 999 9999.0 999.0 999.0 999.0 99.0 99.00
2010 12 10 05 20 999 99.0 99.0  1.31 14.22 99.00 999 9999.0 999.0 999.0 999.0 99.0 99.00
2010 12 10 06 20 999 99.0 99.0  1.21 13.47 99.00 999 9999.0 999.0 999.0 999.0 99.0 99.00
2010 12 10 07 20 999 99.0 99.0  1.23 14.22 99.00 999 9999.0 999.0 999.0 999.0 99.0 99.00
2010 12 10 08 20 999 99.0 99.0  1.21 13.47 99.00 999 9999.0 999.0 999.0 999.0 99.0 99.00
2010 12 10 09 20 999 99.0 99.0  1.20 14.22 99.00 999 9999.0 999.0 999.0 999.0 99.0 99.00
2010 12 10 10 20 999 99.0 99.0  1.19 12.80 99.00 999 9999.0 999.0 999.0 999.0 99.0 99.00
2010 12 10 11 20 999 99.0 99.0  1.16 13.47 99.00 999 9999.0 999.0 999.0 999.0 99.0 99.00
2010 12 10 12 20 999 99.0 99.0  1.20 14.22 99.00 999 9999.0 999.0 999.0 999.0 99.0 99.00
2010 12 10 13 20 999 99.0 99.0  1.26 12.80 99.00 999 9999.0 999.0 999.0 999.0 99.0 99.00
2010 12 10 14 20 999 99.0 99.0  1.30 13.47 99.00 999 9999.0 999.0 999.0 999.0 99.0 99.00
2010 12 10 15 20 999 99.0 99.0  1.28 12.80 99.00 999 9999.0 999.0 999.0 999.0 99.0 99.00
2010 12 10 16 20 999 99.0 99.0  1.14 11.64 99.00 999 9999.0 999.0 999.0 999.0 99.0 99.00
2010 12 10 17 20 999 99.0 99.0  1.15 10.67 99.00 999 9999.0 999.0 999.0 999.0 99.0 99.00
2010 12 10 18 20 999 99.0 99.0  1.03 12.80 99.00 999 9999.0 999.0 999.0 999.0 99.0 99.00
2010 12 10 19 20 999 99.0 99.0  1.05 13.47 99.00 999 9999.0 999.0 999.0 999.0 99.0 99.00
2010 12 10 20 20 999 99.0 99.0  1.09 10.67 99.00 999 9999.0 999.0 999.0 999.0 99.0 99.00
2010 12 10 21 20 999 99.0 99.0  1.08 10.67 99.00 999 9999.0 999.0 999.0 999.0 99.0 99.00
2010 12 10 22 20 999 99.0 99.0  1.05 10.67 99.00 999 9999.0 999.0 999.0 999.0 99.0 99.00
2010 12 10 23 20 999 99.0 99.0  1.01 11.64 99.00 999 9999.0 999.0 999.0 999.0 99.0 99.00
2010 12 11 00 20 999 99.0 99.0  1.00  9.85 99.00 999 9999.0 999.0 999.0 999.0 99.0 99.00
2010 12 11 01 20 999 99.0 99.0  1.03  7.53 99.00 999 9999.0 999.0 999.0 999.0 99.0 99.00
2010 12 11 02 20 999 99.0 99.0  1.08 10.24 99.00 999 9999.0 999.0 999.0 999.0 99.0 99.00
2010 12 11 03 20 999 99.0 99.0  1.08  7.31 99.00 999 9999.0 999.0 999.0 999.0 99.0 99.00
2010 12 11 04 20 999 99.0 99.0  1.14  7.11 99.00 999 9999.0 999.0 999.0 999.0 99.0 99.00
2010 12 11 05 20 999 99.0 99.0  1.11  7.31 99.00 999 9999.0 999.0 999.0 999.0 99.0 99.00
2010 12 11 06 20 999 99.0 99.0  1.00  6.92 99.00 999 9999.0 999.0 999.0 999.0 99.0 99.00
2010 12 11 07 20 999 99.0 99.0  1.04  6.92 99.00 999 9999.0 999.0 999.0 999.0 99.0 99.00
2010 12 11 08 20 999 99.0 99.0  1.01  6.92 99.00 999 9999.0 999.0 999.0 999.0 99.0 99.00
2010 12 11 09 20 999 99.0 99.0  0.95  6.92 99.00 999 9999.0 999.0 999.0 999.0 99.0 99.00
2010 12 11 10 20 999 99.0 99.0  0.95  6.92 99.00 999 9999.0 999.0 999.0 999.0 99.0 99.00
2010 12 11 11 20 999 99.0 99.0  0.98  7.11 99.00 999 9999.0 999.0 999.0 999.0 99.0 99.00
2010 12 11 12 20 999 99.0 99.0  1.00  7.31 99.00 999 9999.0 999.0 999.0 999.0 99.0 99.00
2010 12 11 13 20 999 99.0 99.0  1.06  7.11 99.00 999 9999.0 999.0 999.0 999.0 99.0 99.00
2010 12 11 14 20 999 99.0 99.0  0.98  6.92 99.00 999 9999.0 999.0 999.0 999.0 99.0 99.00
2010 12 11 15 20 999 99.0 99.0  0.95  6.74 99.00 999 9999.0 999.0 999.0 999.0 99.0 99.00
2010 12 11 16 20 999 99.0 99.0  0.94 12.19 99.00 999 9999.0 999.0 999.0 999.0 99.0 99.00
2010 12 11 17 20 999 99.0 99.0  0.90  7.11 99.00 999 9999.0 999.0 999.0 999.0 99.0 99.00
2010 12 11 18 20 999 99.0 99.0  0.88  7.11 99.00 999 9999.0 999.0 999.0 999.0 99.0 99.00
2010 12 11 19 20 999 99.0 99.0  0.87  7.76 99.00 999 9999.0 999.0 999.0 999.0 99.0 99.00
2010 12 11 20 20 999 99.0 99.0  0.83 11.13 99.00 999 9999.0 999.0 999.0 999.0 99.0 99.00
2010 12 11 21 20 999 99.0 99.0  0.79  8.00 99.00 999 9999.0 999.0 999.0 999.0 99.0 99.00
2010 12 11 22 20 999 99.0 99.0  0.82  9.85 99.00 999 9999.0 999.0 999.0 999.0 99.0 99.00
2010 12 11 23 20 999 99.0 99.0  0.75  6.10 99.00 999 9999.0 999.0 999.0 999.0 99.0 99.00
2010 12 12 00 20 999 99.0 99.0  0.80  6.74 99.00 999 9999.0 999.0 999.0 999.0 99.0 99.00
2010 12 12 01 20 999 99.0 99.0  0.74  6.74 99.00 999 9999.0 999.0 999.0 999.0 99.0 99.00
2010 12 12 02 20 999 99.0 99.0  0.84  6.56 99.00 999 9999.0 999.0 999.0 999.0 99.0 99.00
2010 12 12 03 20 999 99.0 99.0  0.83  6.56 99.00 999 9999.0 999.0 999.0 999.0 99.0 99.00
2010 12 12 04 20 999 99.0 99.0  0.88  6.56 99.00 999 9999.0 999.0 999.0 999.0 99.0 99.00
2010 12 12 05 20 999 99.0 99.0  0.86  9.48 99.00 999 9999.0 999.0 999.0 999.0 99.0 99.00
2010 12 12 06 20 999 99.0 99.0  0.89  6.92 99.00 999 9999.0 999.0 999.0 999.0 99.0 99.00
2010 12 12 07 20 999 99.0 99.0  0.88  7.11 99.00 999 9999.0 999.0 999.0 999.0 99.0 99.00
2010 12 12 08 20 999 99.0 99.0  0.93 10.24 99.00 999 9999.0 999.0 999.0 999.0 99.0 99.00
2010 12 12 09 20 999 99.0 99.0  0.82  7.53 99.00 999 9999.0 999.0 999.0 999.0 99.0 99.00
2010 12 12 10 20 999 99.0 99.0  0.77  7.76 99.00 999 9999.0 999.0 999.0 999.0 99.0 99.00
2010 12 12 11 20 999 99.0 99.0  0.72  6.74 99.00 999 9999.0 999.0 999.0 999.0 99.0 99.00
2010 12 12 12 20 999 99.0 99.0  0.70  7.31 99.00 999 9999.0 999.0 999.0 999.0 99.0 99.00
2010 12 12 13 20 999 99.0 99.0  0.76 10.24 99.00 999 9999.0 999.0 999.0 999.0 99.0 99.00
2010 12 12 14 20 999 99.0 99.0  0.76  9.85 99.00 999 9999.0 999.0 999.0 999.0 99.0 99.00
2010 12 12 15 20 999 99.0 99.0  0.80  9.85 99.00 999 9999.0 999.0 999.0 999.0 99.0 99.00
2010 12 12 16 20 999 99.0 99.0  0.72 10.67 99.00 999 9999.0 999.0 999.0 999.0 99.0 99.00
2010 12 12 17 20 999 99.0 99.0  0.63  9.48 99.00 999 9999.0 999.0 999.0 999.0 99.0 99.00
2010 12 12 18 20 999 99.0 99.0  0.71  7.11 99.00 999 9999.0 999.0 999.0 999.0 99.0 99.00
2010 12 12 19 20 999 99.0 99.0  0.67  6.40 99.00 999 9999.0 999.0 999.0 999.0 99.0 99.00
2010 12 12 20 20 999 99.0 99.0  0.69  6.74 99.00 999 9999.0 999.0 999.0 999.0 99.0 99.00
2010 12 12 21 20 999 99.0 99.0  0.67  7.31 99.00 999 9999.0 999.0 999.0 999.0 99.0 99.00
2010 12 12 22 20 999 99.0 99.0  0.66  9.14 99.00 999 9999.0 999.0 999.0 999.0 99.0 99.00
2010 12 12 23 20 999 99.0 99.0  0.62  8.83 99.00 999 9999.0 999.0 999.0 999.0 99.0 99.00
2010 12 13 00 20 999 99.0 99.0  0.57  9.14 99.00 999 9999.0 999.0 999.0 999.0 99.0 99.00
2010 12 13 01 20 999 99.0 99.0  0.56  8.83 99.00 999 9999.0 999.0 999.0 999.0 99.0 99.00
2010 12 13 02 20 999 99.0 99.0  0.52  8.83 99.00 999 9999.0 999.0 999.0 999.0 99.0 99.00
2010 12 13 03 20 999 99.0 99.0  0.51  9.48 99.00 999 9999.0 999.0 999.0 999.0 99.0 99.00
2010 12 13 04 20 999 99.0 99.0  0.53  8.53 99.00 999 9999.0 999.0 999.0 999.0 99.0 99.00
2010 12 13 05 20 999 99.0 99.0  0.57  7.31 99.00 999 9999.0 999.0 999.0 999.0 99.0 99.00
2010 12 13 06 20 999 99.0 99.0  0.56  6.24 99.00 999 9999.0 999.0 999.0 999.0 99.0 99.00
2010 12 13 07 20 999 99.0 99.0  0.56  8.83 99.00 999 9999.0 999.0 999.0 999.0 99.0 99.00
2010 12 13 08 20 999 99.0 99.0  0.56  5.82 99.00 999 9999.0 999.0 999.0 999.0 99.0 99.00
2010 12 13 09 20 999 99.0 99.0  0.50  6.74 99.00 999 9999.0 999.0 999.0 999.0 99.0 99.00
2010 12 13 10 20 999 99.0 99.0  0.51  9.48 99.00 999 9999.0 999.0 999.0 999.0 99.0 99.00
2010 12 13 11 20 999 99.0 99.0  0.49  8.83 99.00 999 9999.0 999.0 999.0 999.0 99.0 99.00
2010 12 13 12 20 999 99.0 99.0  0.46  9.48 99.00 999 9999.0 999.0 999.0 999.0 99.0 99.00
2010 12 13 13 20 999 99.0 99.0  0.44  9.48 99.00 999 9999.0 999.0 999.0 999.0 99.0 99.00
2010 12 13 15 20 999 99.0 99.0  0.46  7.31 99.00 999 9999.0 999.0 999.0 999.0 99.0 99.00
2010 12 13 16 20 999 99.0 99.0  0.44  9.14 99.00 999 9999.0 999.0 999.0 999.0 99.0 99.00
2010 12 13 17 20 999 99.0 99.0  0.45  9.85 99.00 999 9999.0 999.0 999.0 999.0 99.0 99.00
2010 12 13 18 20 999 99.0 99.0  0.47  9.14 99.00 999 9999.0 999.0 999.0 999.0 99.0 99.00
2010 12 13 19 20 999 99.0 99.0  0.48  8.26 99.00 999 9999.0 999.0 999.0 999.0 99.0 99.00
2010 12 13 20 20 999 99.0 99.0  0.46  5.45 99.00 999 9999.0 999.0 999.0 999.0 99.0 99.00
2010 12 13 21 20 999 99.0 99.0  0.42  8.53 99.00 999 9999.0 999.0 999.0 999.0 99.0 99.00
2010 12 13 22 20 999 99.0 99.0  0.43  8.83 99.00 999 9999.0 999.0 999.0 999.0 99.0 99.00
2010 12 13 23 20 999 99.0 99.0  0.39  9.14 99.00 999 9999.0 999.0 999.0 999.0 99.0 99.00
2010 12 14 00 20 999 99.0 99.0  0.40  8.83 99.00 999 9999.0 999.0 999.0 999.0 99.0 99.00
2010 12 14 01 20 999 99.0 99.0  0.41 16.00 99.00 999 9999.0 999.0 999.0 999.0 99.0 99.00
2010 12 14 02 20 999 99.0 99.0  0.42  8.26 99.00 999 9999.0 999.0 999.0 999.0 99.0 99.00
2010 12 14 03 20 999 99.0 99.0  0.46  8.53 99.00 999 9999.0 999.0 999.0 999.0 99.0 99.00
2010 12 14 04 20 999 99.0 99.0  0.48 10.67 99.00 999 9999.0 999.0 999.0 999.0 99.0 99.00
2010 12 14 05 20 999 99.0 99.0  0.48 11.13 99.00 999 9999.0 999.0 999.0 999.0 99.0 99.00
2010 12 14 06 20 999 99.0 99.0  0.52 11.13 99.00 999 9999.0 999.0 999.0 999.0 99.0 99.00
2010 12 14 07 20 999 99.0 99.0  0.51  9.14 99.00 999 9999.0 999.0 999.0 999.0 99.0 99.00
2010 12 14 08 20 999 99.0 99.0  0.54  5.82 99.00 999 9999.0 999.0 999.0 999.0 99.0 99.00
2010 12 14 09 20 999 99.0 99.0  0.58 10.24 99.00 999 9999.0 999.0 999.0 999.0 99.0 99.00
2010 12 14 10 20 999 99.0 99.0  0.63  6.24 99.00 999 9999.0 999.0 999.0 999.0 99.0 99.00
2010 12 14 11 20 999 99.0 99.0  0.66 10.67 99.00 999 9999.0 999.0 999.0 999.0 99.0 99.00
2010 12 14 12 20 999 99.0 99.0  0.68 11.13 99.00 999 9999.0 999.0 999.0 999.0 99.0 99.00
2010 12 14 13 20 999 99.0 99.0  0.70 10.67 99.00 999 9999.0 999.0 999.0 999.0 99.0 99.00
2010 12 14 14 20 999 99.0 99.0  0.70 10.67 99.00 999 9999.0 999.0 999.0 999.0 99.0 99.00
2010 12 14 15 20 999 99.0 99.0  0.73 10.67 99.00 999 9999.0 999.0 999.0 999.0 99.0 99.00
2010 12 14 16 20 999 99.0 99.0  0.78 10.24 99.00 999 9999.0 999.0 999.0 999.0 99.0 99.00
2010 12 14 17 20 999 99.0 99.0  0.75  9.85 99.00 999 9999.0 999.0 999.0 999.0 99.0 99.00
2010 12 14 18 20 999 99.0 99.0  0.78  9.85 99.00 999 9999.0 999.0 999.0 999.0 99.0 99.00
2010 12 14 19 20 999 99.0 99.0  0.79  9.85 99.00 999 9999.0 999.0 999.0 999.0 99.0 99.00
2010 12 14 20 20 999 99.0 99.0  0.70  8.83 99.00 999 9999.0 999.0 999.0 999.0 99.0 99.00
2010 12 14 21 20 999 99.0 99.0  0.74  9.85 99.00 999 9999.0 999.0 999.0 999.0 99.0 99.00
2010 12 14 22 20 999 99.0 99.0  0.75  9.85 99.00 999 9999.0 999.0 999.0 999.0 99.0 99.00
2010 12 14 23 20 999 99.0 99.0  0.76  9.48 99.00 999 9999.0 999.0 999.0 999.0 99.0 99.00
2010 12 15 00 20 999 99.0 99.0  0.76  9.14 99.00 999 9999.0 999.0 999.0 999.0 99.0 99.00
2010 12 15 01 20 999 99.0 99.0  0.72  9.48 99.00 999 9999.0 999.0 999.0 999.0 99.0 99.00
2010 12 15 02 20 999 99.0 99.0  0.72  9.48 99.00 999 9999.0 999.0 999.0 999.0 99.0 99.00
2010 12 15 03 20 999 99.0 99.0  0.74  9.85 99.00 999 9999.0 999.0 999.0 999.0 99.0 99.00
2010 12 15 04 20 999 99.0 99.0  0.74  9.48 99.00 999 9999.0 999.0 999.0 999.0 99.0 99.00
2010 12 15 05 20 999 99.0 99.0  0.80  9.48 99.00 999 9999.0 999.0 999.0 999.0 99.0 99.00
2010 12 15 06 20 999 99.0 99.0  0.74  9.48 99.00 999 9999.0 999.0 999.0 999.0 99.0 99.00
2010 12 15 07 20 999 99.0 99.0  0.77  6.74 99.00 999 9999.0 999.0 999.0 999.0 99.0 99.00
2010 12 15 08 20 999 99.0 99.0  0.75  6.56 99.00 999 9999.0 999.0 999.0 999.0 99.0 99.00
2010 12 15 09 20 999 99.0 99.0  0.74  6.56 99.00 999 9999.0 999.0 999.0 999.0 99.0 99.00
2010 12 15 10 20 999 99.0 99.0  0.73  6.24 99.00 999 9999.0 999.0 999.0 999.0 99.0 99.00
2010 12 15 11 20 999 99.0 99.0  0.66  5.95 99.00 999 9999.0 999.0 999.0 999.0 99.0 99.00
2010 12 15 12 20 999 99.0 99.0  0.63  6.10 99.00 999 9999.0 999.0 999.0 999.0 99.0 99.00
2010 12 15 13 20 999 99.0 99.0  0.61  5.69 99.00 999 9999.0 999.0 999.0 999.0 99.0 99.00
2010 12 15 14 20 999 99.0 99.0  0.63  6.10 99.00 999 9999.0 999.0 999.0 999.0 99.0 99.00
2010 12 15 15 20 999 99.0 99.0  0.63  9.14 99.00 999 9999.0 999.0 999.0 999.0 99.0 99.00
2010 12 15 16 20 999 99.0 99.0  0.64  9.48 99.00 999 9999.0 999.0 999.0 999.0 99.0 99.00
2010 12 15 18 20 999 99.0 99.0  0.65  9.14 99.00 999 9999.0 999.0 999.0 999.0 99.0 99.00
2010 12 15 19 20 999 99.0 99.0  0.62  5.82 99.00 999 9999.0 999.0 999.0 999.0 99.0 99.00
2010 12 15 20 20 999 99.0 99.0  0.61  9.14 99.00 999 9999.0 999.0 999.0 999.0 99.0 99.00
2010 12 15 21 20 999 99.0 99.0  0.59  8.83 99.00 999 9999.0 999.0 999.0 999.0 99.0 99.00
2010 12 15 22 20 999 99.0 99.0  0.59  9.85 99.00 999 9999.0 999.0 999.0 999.0 99.0 99.00
2010 12 15 23 20 999 99.0 99.0  0.57  8.83 99.00 999 9999.0 999.0 999.0 999.0 99.0 99.00
2010 12 16 00 20 999 99.0 99.0  0.56  8.53 99.00 999 9999.0 999.0 999.0 999.0 99.0 99.00
2010 12 16 01 20 999 99.0 99.0  0.53 10.67 99.00 999 9999.0 999.0 999.0 999.0 99.0 99.00
2010 12 16 02 20 999 99.0 99.0  0.57  9.14 99.00 999 9999.0 999.0 999.0 999.0 99.0 99.00
2010 12 16 03 20 999 99.0 99.0  0.56 10.67 99.00 999 9999.0 999.0 999.0 999.0 99.0 99.00
2010 12 16 04 20 999 99.0 99.0  0.60  9.85 99.00 999 9999.0 999.0 999.0 999.0 99.0 99.00
2010 12 16 05 20 999 99.0 99.0  0.61  9.85 99.00 999 9999.0 999.0 999.0 999.0 99.0 99.00
2010 12 16 06 20 999 99.0 99.0  0.58 10.24 99.00 999 9999.0 999.0 999.0 999.0 99.0 99.00
2010 12 16 07 20 999 99.0 99.0  0.59 11.64 99.00 999 9999.0 999.0 999.0 999.0 99.0 99.00
2010 12 16 08 20 999 99.0 99.0  0.61 10.24 99.00 999 9999.0 999.0 999.0 999.0 99.0 99.00
2010 12 16 09 20 999 99.0 99.0  0.57 10.24 99.00 999 9999.0 999.0 999.0 999.0 99.0 99.00
2010 12 16 10 20 999 99.0 99.0  0.58 10.67 99.00 999 9999.0 999.0 999.0 999.0 99.0 99.00
2010 12 16 11 20 999 99.0 99.0  0.54 10.67 99.00 999 9999.0 999.0 999.0 999.0 99.0 99.00
2010 12 16 12 20 999 99.0 99.0  0.58 10.67 99.00 999 9999.0 999.0 999.0 999.0 99.0 99.00
2010 12 16 13 20 999 99.0 99.0  0.63 11.13 99.00 999 9999.0 999.0 999.0 999.0 99.0 99.00
2010 12 16 14 20 999 99.0 99.0  0.71 10.67 99.00 999 9999.0 999.0 999.0 999.0 99.0 99.00
2010 12 16 15 20 999 99.0 99.0  0.76 10.67 99.00 999 9999.0 999.0 999.0 999.0 99.0 99.00
2010 12 16 16 20 999 99.0 99.0  0.85 10.67 99.00 999 9999.0 999.0 999.0 999.0 99.0 99.00
2010 12 16 17 20 999 99.0 99.0  0.83  9.85 99.00 999 9999.0 999.0 999.0 999.0 99.0 99.00
2010 12 16 18 20 999 99.0 99.0  0.84 11.13 99.00 999 9999.0 999.0 999.0 999.0 99.0 99.00
2010 12 16 19 20 999 99.0 99.0  0.88 11.13 99.00 999 9999.0 999.0 999.0 999.0 99.0 99.00
2010 12 16 20 20 999 99.0 99.0  0.81 10.67 99.00 999 9999.0 999.0 999.0 999.0 99.0 99.00
2010 12 16 21 20 999 99.0 99.0  0.82 10.67 99.00 999 9999.0 999.0 999.0 999.0 99.0 99.00
2010 12 16 23 20 999 99.0 99.0  0.80 10.24 99.00 999 9999.0 999.0 999.0 999.0 99.0 99.00
2010 12 17 00 20 999 99.0 99.0  0.74 11.64 99.00 999 9999.0 999.0 999.0 999.0 99.0 99.00
2010 12 17 01 20 999 99.0 99.0  0.77 10.67 99.00 999 9999.0 999.0 999.0 999.0 99.0 99.00
2010 12 17 02 20 999 99.0 99.0  0.77 10.67 99.00 999 9999.0 999.0 999.0 999.0 99.0 99.00
2010 12 17 03 20 999 99.0 99.0  0.75 11.13 99.00 999 9999.0 999.0 999.0 999.0 99.0 99.00
2010 12 17 04 20 999 99.0 99.0  0.79 10.67 99.00 999 9999.0 999.0 999.0 999.0 99.0 99.00
2010 12 17 05 20 999 99.0 99.0  0.80 11.13 99.00 999 9999.0 999.0 999.0 999.0 99.0 99.00
2010 12 17 06 20 999 99.0 99.0  0.74  9.85 99.00 999 9999.0 999.0 999.0 999.0 99.0 99.00
2010 12 17 07 20 999 99.0 99.0  0.69 10.24 99.00 999 9999.0 999.0 999.0 999.0 99.0 99.00
2010 12 17 08 20 999 99.0 99.0  0.69 10.67 99.00 999 9999.0 999.0 999.0 999.0 99.0 99.00
2010 12 17 09 20 999 99.0 99.0  0.63 11.13 99.00 999 9999.0 999.0 999.0 999.0 99.0 99.00
2010 12 17 10 20 999 99.0 99.0  0.60 10.24 99.00 999 9999.0 999.0 999.0 999.0 99.0 99.00
2010 12 17 11 20 999 99.0 99.0  0.59 10.67 99.00 999 9999.0 999.0 999.0 999.0 99.0 99.00
2010 12 17 12 20 999 99.0 99.0  0.54 11.13 99.00 999 9999.0 999.0 999.0 999.0 99.0 99.00
2010 12 17 13 20 999 99.0 99.0  0.49 11.64 99.00 999 9999.0 999.0 999.0 999.0 99.0 99.00
2010 12 17 14 20 999 99.0 99.0  0.48 11.13 99.00 999 9999.0 999.0 999.0 999.0 99.0 99.00
2010 12 17 15 20 999 99.0 99.0  0.50 11.13 99.00 999 9999.0 999.0 999.0 999.0 99.0 99.00
2010 12 17 16 20 999 99.0 99.0  0.56  9.85 99.00 999 9999.0 999.0 999.0 999.0 99.0 99.00
2010 12 17 17 20 999 99.0 99.0  0.49 11.13 99.00 999 9999.0 999.0 999.0 999.0 99.0 99.00
2010 12 17 18 20 999 99.0 99.0  0.46 10.67 99.00 999 9999.0 999.0 999.0 999.0 99.0 99.00
2010 12 17 19 20 999 99.0 99.0  0.44  9.85 99.00 999 9999.0 999.0 999.0 999.0 99.0 99.00
2010 12 17 20 20 999 99.0 99.0  0.42 10.67 99.00 999 9999.0 999.0 999.0 999.0 99.0 99.00
2010 12 17 21 20 999 99.0 99.0  0.43 10.67 99.00 999 9999.0 999.0 999.0 999.0 99.0 99.00
2010 12 17 22 20 999 99.0 99.0  0.43 10.24 99.00 999 9999.0 999.0 999.0 999.0 99.0 99.00
2010 12 17 23 20 999 99.0 99.0  0.41 10.24 99.00 999 9999.0 999.0 999.0 999.0 99.0 99.00
2010 12 18 00 20 999 99.0 99.0  0.45 10.24 99.00 999 9999.0 999.0 999.0 999.0 99.0 99.00
2010 12 18 01 20 999 99.0 99.0  0.48 10.67 99.00 999 9999.0 999.0 999.0 999.0 99.0 99.00
2010 12 18 02 20 999 99.0 99.0  0.51 10.67 99.00 999 9999.0 999.0 999.0 999.0 99.0 99.00
2010 12 18 03 20 999 99.0 99.0  0.50  9.48 99.00 999 9999.0 999.0 999.0 999.0 99.0 99.00
2010 12 18 04 20 999 99.0 99.0  0.53 10.67 99.00 999 9999.0 999.0 999.0 999.0 99.0 99.00
2010 12 18 05 20 999 99.0 99.0  0.64  5.02 99.00 999 9999.0 999.0 999.0 999.0 99.0 99.00
2010 12 18 06 20 999 99.0 99.0  0.79  5.95 99.00 999 9999.0 999.0 999.0 999.0 99.0 99.00
2010 12 18 07 20 999 99.0 99.0  0.81  6.10 99.00 999 9999.0 999.0 999.0 999.0 99.0 99.00
2010 12 18 08 20 999 99.0 99.0  0.83  6.24 99.00 999 9999.0 999.0 999.0 999.0 99.0 99.00
2010 12 18 09 20 999 99.0 99.0  0.85  6.74 99.00 999 9999.0 999.0 999.0 999.0 99.0 99.00
2010 12 18 10 20 999 99.0 99.0  0.79  6.92 99.00 999 9999.0 999.0 999.0 999.0 99.0 99.00
2010 12 18 11 20 999 99.0 99.0  0.72  6.92 99.00 999 9999.0 999.0 999.0 999.0 99.0 99.00
2010 12 18 12 20 999 99.0 99.0  0.66  6.56 99.00 999 9999.0 999.0 999.0 999.0 99.0 99.00
2010 12 18 13 20 999 99.0 99.0  0.62  5.95 99.00 999 9999.0 999.0 999.0 999.0 99.0 99.00
2010 12 18 14 20 999 99.0 99.0  0.65 10.24 99.00 999 9999.0 999.0 999.0 999.0 99.0 99.00
2010 12 18 15 20 999 99.0 99.0  0.63  7.76 99.00 999 9999.0 999.0 999.0 999.0 99.0 99.00
2010 12 18 16 20 999 99.0 99.0  0.68  8.26 99.00 999 9999.0 999.0 999.0 999.0 99.0 99.00
2010 12 18 17 20 999 99.0 99.0  0.66  7.76 99.00 999 9999.0 999.0 999.0 999.0 99.0 99.00
2010 12 18 18 20 999 99.0 99.0  0.67  6.40 99.00 999 9999.0 999.0 999.0 999.0 99.0 99.00
2010 12 18 19 20 999 99.0 99.0  0.71  8.53 99.00 999 9999.0 999.0 999.0 999.0 99.0 99.00
2010 12 18 20 20 999 99.0 99.0  0.74  7.11 99.00 999 9999.0 999.0 999.0 999.0 99.0 99.00
2010 12 18 21 20 999 99.0 99.0  0.74  8.26 99.00 999 9999.0 999.0 999.0 999.0 99.0 99.00
2010 12 18 22 20 999 99.0 99.0  0.79  8.83 99.00 999 9999.0 999.0 999.0 999.0 99.0 99.00
2010 12 18 23 20 999 99.0 99.0  0.83  7.53 99.00 999 9999.0 999.0 999.0 999.0 99.0 99.00
2010 12 19 00 20 999 99.0 99.0  0.74  7.31 99.00 999 9999.0 999.0 999.0 999.0 99.0 99.00
2010 12 19 01 20 999 99.0 99.0  0.78  8.53 99.00 999 9999.0 999.0 999.0 999.0 99.0 99.00
2010 12 19 02 20 999 99.0 99.0  0.74  8.83 99.00 999 9999.0 999.0 999.0 999.0 99.0 99.00
2010 12 19 03 20 999 99.0 99.0  0.77  6.74 99.00 999 9999.0 999.0 999.0 999.0 99.0 99.00
2010 12 19 04 20 999 99.0 99.0  0.70  7.76 99.00 999 9999.0 999.0 999.0 999.0 99.0 99.00
2010 12 19 05 20 999 99.0 99.0  0.71  8.26 99.00 999 9999.0 999.0 999.0 999.0 99.0 99.00
2010 12 19 06 20 999 99.0 99.0  0.72 11.13 99.00 999 9999.0 999.0 999.0 999.0 99.0 99.00
2010 12 19 07 20 999 99.0 99.0  0.66  8.00 99.00 999 9999.0 999.0 999.0 999.0 99.0 99.00
2010 12 19 08 20 999 99.0 99.0  0.68  8.00 99.00 999 9999.0 999.0 999.0 999.0 99.0 99.00
2010 12 19 09 20 999 99.0 99.0  0.65  7.11 99.00 999 9999.0 999.0 999.0 999.0 99.0 99.00
2010 12 19 10 20 999 99.0 99.0  0.65  7.11 99.00 999 9999.0 999.0 999.0 999.0 99.0 99.00
2010 12 19 11 20 999 99.0 99.0  0.60  7.31 99.00 999 9999.0 999.0 999.0 999.0 99.0 99.00
2010 12 19 12 20 999 99.0 99.0  0.58  7.76 99.00 999 9999.0 999.0 999.0 999.0 99.0 99.00
2010 12 19 13 20 999 99.0 99.0  0.56  8.26 99.00 999 9999.0 999.0 999.0 999.0 99.0 99.00
2010 12 19 14 20 999 99.0 99.0  0.58  8.00 99.00 999 9999.0 999.0 999.0 999.0 99.0 99.00
2010 12 19 15 20 999 99.0 99.0  0.62  7.53 99.00 999 9999.0 999.0 999.0 999.0 99.0 99.00
2010 12 19 16 20 999 99.0 99.0  0.66  7.76 99.00 999 9999.0 999.0 999.0 999.0 99.0 99.00
2010 12 19 17 20 999 99.0 99.0  0.74  7.11 99.00 999 9999.0 999.0 999.0 999.0 99.0 99.00
2010 12 19 18 20 999 99.0 99.0  0.72  7.31 99.00 999 9999.0 999.0 999.0 999.0 99.0 99.00
2010 12 19 19 20 999 99.0 99.0  0.77  7.53 99.00 999 9999.0 999.0 999.0 999.0 99.0 99.00
2010 12 19 20 20 999 99.0 99.0  0.77  6.74 99.00 999 9999.0 999.0 999.0 999.0 99.0 99.00
2010 12 19 21 19 999 99.0 99.0  0.80  7.76 99.00 999 9999.0 999.0 999.0 999.0 99.0 99.00
2010 12 19 22 20 999 99.0 99.0  0.80  7.31 99.00 999 9999.0 999.0 999.0 999.0 99.0 99.00
2010 12 19 23 20 999 99.0 99.0  0.86  8.53 99.00 999 9999.0 999.0 999.0 999.0 99.0 99.00
2010 12 20 00 20 999 99.0 99.0  0.83  9.14 99.00 999 9999.0 999.0 999.0 999.0 99.0 99.00
2010 12 20 01 20 999 99.0 99.0  0.87  9.14 99.00 999 9999.0 999.0 999.0 999.0 99.0 99.00
2010 12 20 02 20 999 99.0 99.0  0.84  8.26 99.00 999 9999.0 999.0 999.0 999.0 99.0 99.00
2010 12 20 03 20 999 99.0 99.0  0.91  8.00 99.00 999 9999.0 999.0 999.0 999.0 99.0 99.00
2010 12 20 04 20 999 99.0 99.0  0.91  7.76 99.00 999 9999.0 999.0 999.0 999.0 99.0 99.00
2010 12 20 05 20 999 99.0 99.0  0.98  8.00 99.00 999 9999.0 999.0 999.0 999.0 99.0 99.00
2010 12 20 06 20 999 99.0 99.0  0.99  9.14 99.00 999 9999.0 999.0 999.0 999.0 99.0 99.00
2010 12 20 07 20 999 99.0 99.0  0.98  9.14 99.00 999 9999.0 999.0 999.0 999.0 99.0 99.00
2010 12 20 08 20 999 99.0 99.0  0.96  8.83 99.00 999 9999.0 999.0 999.0 999.0 99.0 99.00
2010 12 20 09 20 999 99.0 99.0  1.00  8.26 99.00 999 9999.0 999.0 999.0 999.0 99.0 99.00
2010 12 20 10 20 999 99.0 99.0  1.04  8.83 99.00 999 9999.0 999.0 999.0 999.0 99.0 99.00
2010 12 20 11 20 999 99.0 99.0  1.00  5.57 99.00 999 9999.0 999.0 999.0 999.0 99.0 99.00
2010 12 20 12 20 999 99.0 99.0  0.92  5.82 99.00 999 9999.0 999.0 999.0 999.0 99.0 99.00
2010 12 20 13 20 999 99.0 99.0  0.93  7.31 99.00 999 9999.0 999.0 999.0 999.0 99.0 99.00
2010 12 20 14 20 999 99.0 99.0  0.86  7.76 99.00 999 9999.0 999.0 999.0 999.0 99.0 99.00
2010 12 20 15 20 999 99.0 99.0  0.83  7.31 99.00 999 9999.0 999.0 999.0 999.0 99.0 99.00
2010 12 20 16 20 999 99.0 99.0  0.81  8.00 99.00 999 9999.0 999.0 999.0 999.0 99.0 99.00
2010 12 20 17 20 999 99.0 99.0  0.84  7.76 99.00 999 9999.0 999.0 999.0 999.0 99.0 99.00
2010 12 20 18 20 999 99.0 99.0  0.84  8.26 99.00 999 9999.0 999.0 999.0 999.0 99.0 99.00
2010 12 20 19 20 999 99.0 99.0  0.91  7.76 99.00 999 9999.0 999.0 999.0 999.0 99.0 99.00
2010 12 20 20 20 999 99.0 99.0  0.89  8.00 99.00 999 9999.0 999.0 999.0 999.0 99.0 99.00
2010 12 20 21 20 999 99.0 99.0  0.89  8.53 99.00 999 9999.0 999.0 999.0 999.0 99.0 99.00
2010 12 20 22 20 999 99.0 99.0  0.91  7.53 99.00 999 9999.0 999.0 999.0 999.0 99.0 99.00
2010 12 20 23 20 999 99.0 99.0  1.03  8.00 99.00 999 9999.0 999.0 999.0 999.0 99.0 99.00
2010 12 21 00 20 999 99.0 99.0  1.05  5.82 99.00 999 9999.0 999.0 999.0 999.0 99.0 99.00
2010 12 21 01 20 999 99.0 99.0  1.11  6.56 99.00 999 9999.0 999.0 999.0 999.0 99.0 99.00
2010 12 21 02 20 999 99.0 99.0  1.10  7.11 99.00 999 9999.0 999.0 999.0 999.0 99.0 99.00
2010 12 21 03 20 999 99.0 99.0  1.19  6.24 99.00 999 9999.0 999.0 999.0 999.0 99.0 99.00
2010 12 21 04 20 999 99.0 99.0  1.25 11.64 99.00 999 9999.0 999.0 999.0 999.0 99.0 99.00
2010 12 21 05 20 999 99.0 99.0  1.33 12.19 99.00 999 9999.0 999.0 999.0 999.0 99.0 99.00
2010 12 21 06 20 999 99.0 99.0  1.55 10.67 99.00 999 9999.0 999.0 999.0 999.0 99.0 99.00
2010 12 21 07 20 999 99.0 99.0  1.51 12.19 99.00 999 9999.0 999.0 999.0 999.0 99.0 99.00
2010 12 21 08 20 999 99.0 99.0  1.39 11.13 99.00 999 9999.0 999.0 999.0 999.0 99.0 99.00
2010 12 21 09 20 999 99.0 99.0  1.27 12.80 99.00 999 9999.0 999.0 999.0 999.0 99.0 99.00
2010 12 21 10 20 999 99.0 99.0  1.15 12.80 99.00 999 9999.0 999.0 999.0 999.0 99.0 99.00
